#SECOND, CPU_TMP, GPU_TMP, CPU_FRQ, MEM_USE, CPU_USE
0, 47.00, 47.20, 15.00, 3.97, 5.80 
1, 47.00, 46.70, 15.00, 3.97, 5.80 
2, 47.00, 47.70, 15.00, 3.97, 5.80 
3, 47.00, 47.70, 15.00, 3.97, 5.80 
4, 46.00, 46.70, 15.00, 3.97, 5.80 
5, 47.00, 48.20, 7.00, 3.97, 5.80 
6, 48.00, 47.20, 15.00, 3.97, 5.80 
7, 47.00, 48.20, 7.00, 3.97, 5.80 
8, 48.00, 48.20, 15.00, 3.97, 5.80 
9, 46.00, 47.70, 15.00, 3.97, 5.80 
10, 47.00, 47.20, 15.00, 3.97, 5.80 
11, 48.00, 47.70, 15.00, 3.97, 5.80 
12, 47.00, 47.70, 15.00, 3.97, 5.80 
13, 48.00, 47.70, 7.00, 3.97, 5.80 
14, 48.00, 48.20, 8.00, 3.97, 5.80 
15, 47.00, 47.20, 15.00, 3.97, 5.80 
16, 48.00, 47.20, 7.00, 3.97, 5.80 
17, 48.00, 47.70, 15.00, 3.97, 5.80 
18, 48.00, 47.70, 15.00, 3.97, 5.80 
19, 48.00, 47.70, 15.00, 3.97, 5.80 
20, 48.00, 48.20, 15.00, 3.97, 5.80 
21, 47.00, 47.20, 10.00, 3.97, 5.80 
22, 47.00, 47.20, 15.00, 3.97, 5.80 
23, 48.00, 47.70, 7.00, 3.97, 5.80 
24, 47.00, 47.70, 15.00, 3.97, 5.80 
25, 47.00, 48.20, 15.00, 3.97, 5.80 
26, 47.00, 48.20, 15.00, 3.97, 5.80 
27, 48.00, 47.70, 9.00, 3.97, 5.80 
28, 48.00, 48.70, 15.00, 3.97, 5.80 
29, 48.00, 48.20, 15.00, 3.97, 5.80 
30, 47.00, 47.70, 15.00, 3.97, 5.80 
31, 47.00, 48.20, 15.00, 3.97, 5.80 
32, 47.00, 48.20, 15.00, 3.97, 5.80 
33, 48.00, 47.70, 15.00, 3.97, 5.80 
34, 47.00, 48.70, 15.00, 3.97, 5.80 
35, 48.00, 48.70, 15.00, 3.97, 5.80 
36, 47.00, 48.20, 15.00, 3.97, 5.80 
37, 47.00, 48.70, 8.00, 3.97, 5.80 
38, 49.00, 49.10, 15.00, 3.97, 5.80 
39, 47.00, 48.70, 7.00, 3.97, 5.80 
40, 48.00, 48.20, 15.00, 3.97, 5.80 
41, 48.00, 47.70, 15.00, 3.97, 5.80 
42, 48.00, 48.70, 15.00, 3.97, 5.80 
43, 48.00, 48.20, 15.00, 3.97, 5.80 
44, 48.00, 49.10, 15.00, 3.97, 5.80 
45, 47.00, 49.10, 15.00, 3.97, 5.70 
46, 49.00, 48.20, 15.00, 3.97, 5.70 
47, 47.00, 48.20, 15.00, 3.97, 5.80 
48, 50.00, 49.60, 15.00, 3.97, 5.70 
49, 49.00, 49.10, 15.00, 3.97, 5.70 
50, 49.00, 49.60, 15.00, 3.97, 5.70 
51, 49.00, 48.70, 15.00, 3.97, 5.70 
52, 48.00, 49.10, 8.00, 3.97, 5.70 
53, 49.00, 49.60, 15.00, 3.97, 5.70 
54, 48.00, 49.60, 15.00, 3.97, 5.70 
55, 50.00, 50.10, 15.00, 3.97, 5.70 
56, 49.00, 49.10, 15.00, 3.97, 5.70 
57, 49.00, 50.60, 15.00, 3.97, 5.70 
58, 48.00, 49.10, 15.00, 3.97, 5.70 
59, 49.00, 50.60, 15.00, 3.97, 5.70 
60, 50.00, 50.10, 15.00, 3.97, 5.70 
61, 49.00, 50.10, 15.00, 3.97, 5.70 
62, 51.00, 51.10, 15.00, 3.97, 5.70 
63, 49.00, 49.60, 15.00, 3.97, 5.70 
64, 49.00, 49.60, 15.00, 3.97, 5.70 
65, 49.00, 50.60, 15.00, 3.97, 5.70 
66, 49.00, 50.60, 15.00, 3.97, 5.70 
67, 50.00, 50.60, 15.00, 3.97, 5.70 
68, 51.00, 50.10, 15.00, 3.97, 5.70 
69, 50.00, 50.60, 15.00, 3.97, 5.70 
70, 51.00, 50.10, 15.00, 3.97, 5.70 
71, 50.00, 50.10, 15.00, 3.97, 5.70 
72, 50.00, 50.60, 15.00, 3.97, 5.70 
73, 50.00, 51.10, 15.00, 3.97, 5.70 
74, 50.00, 51.10, 15.00, 3.97, 5.70 
75, 49.00, 51.10, 15.00, 3.97, 5.70 
76, 51.00, 51.10, 15.00, 3.97, 5.70 
77, 51.00, 50.60, 15.00, 3.97, 5.70 
78, 50.00, 51.10, 15.00, 3.97, 5.70 
79, 51.00, 50.60, 15.00, 3.97, 5.70 
80, 50.00, 51.60, 15.00, 3.97, 5.70 
81, 51.00, 51.60, 15.00, 3.97, 5.70 
82, 51.00, 51.60, 15.00, 3.97, 5.70 
83, 51.00, 52.10, 15.00, 3.97, 5.70 
84, 51.00, 52.50, 15.00, 3.97, 5.70 
85, 52.00, 52.50, 15.00, 3.97, 5.70 
86, 51.00, 51.60, 15.00, 3.97, 5.60 
87, 52.00, 51.60, 15.00, 3.97, 5.60 
88, 51.00, 52.10, 15.00, 3.97, 5.60 
89, 52.00, 52.10, 15.00, 3.97, 5.60 
90, 52.00, 52.10, 15.00, 3.97, 5.60 
91, 52.00, 52.50, 15.00, 3.97, 5.60 
92, 52.00, 53.00, 15.00, 3.97, 5.60 
93, 52.00, 52.10, 15.00, 3.97, 5.60 
94, 51.00, 52.10, 15.00, 3.97, 5.60 
95, 51.00, 51.60, 15.00, 3.97, 5.60 
96, 52.00, 53.00, 15.00, 3.97, 5.60 
97, 52.00, 52.10, 15.00, 3.97, 5.60 
98, 51.00, 53.00, 15.00, 3.97, 5.60 
99, 52.00, 51.60, 15.00, 3.97, 5.50 
100, 52.00, 52.10, 15.00, 3.97, 5.50 
101, 51.00, 51.60, 15.00, 3.97, 5.50 
102, 51.00, 51.10, 15.00, 3.97, 5.50 
103, 50.00, 51.10, 15.00, 3.97, 5.50 
104, 52.00, 51.60, 15.00, 3.97, 5.50 
105, 51.00, 50.60, 15.00, 3.97, 5.50 
106, 50.00, 51.60, 15.00, 3.97, 5.50 
107, 50.00, 51.10, 15.00, 3.97, 5.50 
108, 50.00, 51.10, 15.00, 3.97, 5.50 
109, 50.00, 50.10, 15.00, 3.97, 5.50 
110, 50.00, 50.10, 15.00, 3.97, 5.50 
111, 50.00, 50.10, 15.00, 3.97, 5.50 
112, 50.00, 50.60, 15.00, 3.97, 5.50 
113, 50.00, 50.60, 15.00, 3.97, 5.50 
114, 49.00, 50.10, 15.00, 3.97, 5.50 
115, 49.00, 50.60, 7.00, 3.97, 5.50 
116, 48.00, 50.10, 15.00, 3.97, 5.50 
117, 49.00, 50.60, 15.00, 3.97, 5.50 
118, 49.00, 51.60, 8.00, 3.97, 5.50 
119, 50.00, 50.60, 15.00, 3.97, 5.50 
120, 50.00, 50.60, 15.00, 3.97, 5.50 
121, 49.00, 50.60, 15.00, 3.97, 5.50 
122, 50.00, 48.70, 7.00, 3.97, 5.50 
123, 49.00, 49.60, 15.00, 3.97, 5.50 
124, 49.00, 49.60, 8.00, 3.97, 5.50 
125, 50.00, 50.60, 15.00, 3.97, 5.50 
126, 50.00, 50.60, 15.00, 3.97, 5.50 
127, 49.00, 50.60, 15.00, 3.97, 5.50 
128, 50.00, 50.10, 15.00, 3.97, 5.50 
129, 50.00, 51.10, 15.00, 3.97, 5.50 
130, 51.00, 51.10, 15.00, 3.97, 5.50 
131, 50.00, 51.60, 15.00, 3.97, 5.50 
132, 50.00, 50.10, 15.00, 3.97, 5.50 
133, 51.00, 50.60, 15.00, 3.97, 5.60 
134, 51.00, 51.60, 15.00, 3.97, 5.60 
135, 50.00, 51.60, 15.00, 3.97, 5.50 
136, 52.00, 52.10, 15.00, 3.97, 5.50 
137, 51.00, 51.10, 15.00, 3.97, 5.50 
138, 51.00, 52.10, 15.00, 3.97, 5.50 
139, 51.00, 51.60, 15.00, 3.97, 5.50 
140, 50.00, 51.60, 15.00, 3.97, 5.50 
141, 51.00, 51.10, 15.00, 3.97, 5.50 
142, 51.00, 51.10, 15.00, 3.97, 5.50 
143, 50.00, 50.60, 15.00, 3.98, 5.50 
144, 50.00, 50.60, 15.00, 3.98, 5.50 
145, 49.00, 50.10, 15.00, 3.98, 5.50 
146, 50.00, 50.60, 15.00, 3.98, 5.50 
147, 49.00, 51.60, 7.00, 3.98, 5.50 
148, 50.00, 50.10, 15.00, 3.98, 5.50 
149, 49.00, 50.10, 15.00, 3.98, 5.50 
150, 50.00, 49.60, 6.00, 3.98, 5.50 
151, 50.00, 49.60, 15.00, 3.98, 5.50 
152, 52.00, 51.10, 15.00, 3.98, 5.50 
153, 50.00, 50.60, 15.00, 3.98, 5.50 
154, 51.00, 51.10, 15.00, 3.98, 5.50 
155, 50.00, 49.60, 15.00, 3.98, 5.50 
156, 51.00, 51.10, 15.00, 3.98, 5.50 
157, 51.00, 50.10, 15.00, 3.98, 5.50 
158, 51.00, 51.10, 15.00, 3.98, 5.50 
159, 51.00, 50.60, 15.00, 3.98, 5.50 
160, 50.00, 51.10, 15.00, 3.98, 5.50 
161, 50.00, 50.10, 15.00, 3.98, 5.50 
162, 51.00, 50.10, 15.00, 3.98, 5.50 
163, 50.00, 51.10, 15.00, 3.98, 5.50 
164, 51.00, 51.60, 15.00, 3.98, 5.50 
165, 52.00, 52.10, 15.00, 3.98, 5.50 
166, 50.00, 51.10, 15.00, 3.98, 5.50 
167, 51.00, 51.10, 15.00, 3.98, 5.50 
168, 51.00, 52.10, 15.00, 3.98, 5.50 
169, 51.00, 51.60, 9.00, 3.98, 5.50 
170, 52.00, 52.10, 15.00, 3.98, 5.60 
171, 52.00, 51.60, 15.00, 3.98, 5.50 
172, 52.00, 51.60, 15.00, 3.98, 5.50 
173, 52.00, 52.50, 15.00, 3.98, 5.50 
174, 51.00, 51.60, 15.00, 3.98, 5.50 
175, 50.00, 51.60, 15.00, 3.98, 5.50 
176, 51.00, 52.10, 15.00, 3.98, 5.50 
177, 51.00, 51.10, 15.00, 3.98, 5.50 
178, 51.00, 51.60, 15.00, 3.98, 5.50 
179, 51.00, 51.10, 10.00, 3.98, 5.50 
180, 51.00, 51.60, 15.00, 3.98, 5.50 
181, 50.00, 50.60, 15.00, 3.98, 5.50 
182, 51.00, 51.10, 8.00, 3.98, 5.50 
183, 50.00, 51.60, 15.00, 3.98, 5.50 
184, 51.00, 51.10, 8.00, 3.98, 5.50 
185, 51.00, 49.60, 15.00, 3.98, 5.50 
186, 51.00, 50.60, 15.00, 3.98, 5.50 
187, 52.00, 51.60, 15.00, 3.98, 5.50 
188, 51.00, 51.10, 15.00, 3.98, 5.50 
189, 51.00, 52.10, 8.00, 3.98, 5.50 
190, 51.00, 51.10, 15.00, 3.98, 5.50 
191, 49.00, 50.60, 15.00, 3.98, 5.50 
192, 50.00, 50.60, 15.00, 3.98, 5.50 
193, 49.00, 50.60, 15.00, 3.98, 5.50 
194, 50.00, 51.10, 7.00, 3.98, 5.50 
195, 50.00, 50.60, 15.00, 3.98, 5.50 
196, 50.00, 51.10, 15.00, 3.98, 5.50 
197, 50.00, 51.10, 15.00, 3.98, 5.60 
198, 51.00, 52.10, 15.00, 3.98, 5.50 
199, 51.00, 52.50, 15.00, 3.98, 5.50 
200, 52.00, 52.10, 15.00, 3.98, 5.50 
201, 52.00, 52.50, 15.00, 3.98, 5.50 
202, 51.00, 52.10, 15.00, 3.98, 5.50 
203, 51.00, 51.60, 15.00, 3.98, 5.50 
204, 51.00, 50.60, 15.00, 3.98, 5.50 
205, 51.00, 50.60, 15.00, 3.98, 5.50 
206, 51.00, 50.60, 8.00, 3.98, 5.50 
207, 52.00, 52.10, 15.00, 3.98, 5.50 
208, 50.00, 50.60, 15.00, 3.98, 5.50 
209, 50.00, 50.60, 15.00, 3.98, 5.50 
210, 50.00, 50.60, 15.00, 3.98, 5.50 
211, 50.00, 51.60, 15.00, 3.98, 5.50 
212, 49.00, 50.60, 7.00, 3.98, 5.50 
213, 50.00, 50.60, 8.00, 3.98, 5.50 
214, 50.00, 50.10, 15.00, 3.98, 5.50 
215, 50.00, 50.60, 15.00, 3.98, 5.50 
216, 50.00, 50.60, 15.00, 3.98, 5.50 
217, 49.00, 50.60, 15.00, 3.98, 5.50 
218, 50.00, 50.60, 15.00, 3.98, 5.50 
219, 49.00, 51.10, 15.00, 3.98, 5.50 
220, 50.00, 50.10, 10.00, 3.98, 5.50 
221, 51.00, 50.10, 15.00, 3.98, 5.50 
222, 50.00, 50.10, 15.00, 3.98, 5.50 
223, 50.00, 51.10, 15.00, 3.98, 5.50 
224, 50.00, 50.10, 15.00, 3.98, 5.50 
225, 51.00, 50.10, 15.00, 3.98, 5.50 
226, 50.00, 50.60, 9.00, 3.98, 5.50 
227, 49.00, 50.10, 15.00, 3.98, 5.50 
228, 51.00, 51.10, 15.00, 3.98, 5.50 
229, 50.00, 50.60, 15.00, 3.98, 5.50 
230, 51.00, 50.60, 15.00, 3.98, 5.50 
231, 50.00, 50.60, 15.00, 3.98, 5.50 
232, 50.00, 50.10, 8.00, 3.98, 5.50 
233, 50.00, 50.60, 15.00, 3.98, 5.50 
234, 50.00, 50.60, 15.00, 3.98, 5.50 
235, 50.00, 50.60, 15.00, 3.98, 5.50 
236, 51.00, 50.60, 15.00, 3.98, 5.50 
237, 51.00, 51.60, 15.00, 3.98, 5.50 
238, 51.00, 51.10, 15.00, 3.98, 5.50 
239, 51.00, 50.60, 10.00, 3.98, 5.50 
240, 50.00, 50.60, 15.00, 3.98, 5.50 
241, 52.00, 52.10, 15.00, 3.98, 5.50 
242, 51.00, 50.60, 15.00, 3.98, 5.50 
243, 50.00, 51.10, 15.00, 3.98, 5.50 
244, 50.00, 51.60, 15.00, 3.98, 5.50 
245, 50.00, 50.60, 15.00, 3.98, 5.50 
246, 51.00, 51.60, 15.00, 3.98, 5.50 
247, 50.00, 50.60, 15.00, 3.98, 5.50 
248, 50.00, 50.60, 15.00, 3.98, 5.50 
249, 50.00, 51.10, 15.00, 3.98, 5.50 
250, 50.00, 50.60, 15.00, 3.98, 5.50 
251, 50.00, 51.10, 15.00, 3.98, 5.50 
252, 51.00, 51.10, 15.00, 3.98, 5.50 
253, 49.00, 50.60, 15.00, 3.98, 5.50 
254, 49.00, 50.10, 15.00, 3.98, 5.50 
255, 50.00, 49.60, 15.00, 3.98, 5.50 
256, 49.00, 49.60, 15.00, 3.98, 5.50 
257, 50.00, 49.60, 15.00, 3.98, 5.50 
258, 50.00, 50.10, 15.00, 3.98, 5.50 
259, 50.00, 50.60, 15.00, 3.98, 5.50 
260, 50.00, 51.60, 15.00, 3.98, 5.50 
261, 50.00, 49.60, 15.00, 3.98, 5.50 
262, 50.00, 50.60, 15.00, 3.98, 5.50 
263, 50.00, 50.10, 15.00, 3.98, 5.50 
264, 49.00, 51.10, 15.00, 3.98, 5.50 
265, 49.00, 49.60, 15.00, 3.98, 5.50 
266, 51.00, 50.10, 10.00, 3.98, 5.50 
267, 50.00, 51.10, 15.00, 3.98, 5.50 
268, 50.00, 51.60, 15.00, 3.98, 5.50 
269, 50.00, 50.60, 15.00, 3.98, 5.50 
270, 50.00, 50.60, 9.00, 3.98, 5.50 
271, 49.00, 50.60, 8.00, 3.98, 5.50 
272, 50.00, 51.10, 15.00, 3.98, 5.50 
273, 49.00, 51.10, 15.00, 3.98, 5.50 
274, 50.00, 50.60, 8.00, 3.98, 5.50 
275, 51.00, 50.10, 15.00, 3.98, 5.50 
276, 50.00, 50.10, 15.00, 3.98, 5.50 
277, 50.00, 50.60, 10.00, 3.98, 5.50 
278, 50.00, 50.60, 15.00, 3.98, 5.50 
279, 49.00, 50.60, 15.00, 3.98, 5.50 
280, 50.00, 51.10, 15.00, 3.98, 5.50 
281, 49.00, 49.60, 8.00, 3.98, 5.50 
282, 50.00, 50.10, 15.00, 3.98, 5.50 
283, 50.00, 50.60, 15.00, 3.98, 5.50 
284, 51.00, 50.10, 7.00, 3.98, 5.50 
285, 49.00, 50.10, 15.00, 3.98, 5.50 
286, 50.00, 49.10, 15.00, 3.98, 5.50 
287, 50.00, 50.10, 15.00, 3.98, 5.50 
288, 49.00, 50.60, 7.00, 3.98, 5.50 
289, 50.00, 49.60, 15.00, 3.98, 5.50 
