#SECOND, CPU_TMP, GPU_TMP, CPU_FRQ, MEM_USE, CPU_USE
0, 48.00, 48.70, 15.00, 3.56, 6.10 
1, 48.00, 47.70, 15.00, 3.56, 6.10 
2, 47.00, 47.20, 15.00, 3.56, 6.10 
3, 46.00, 47.70, 15.00, 3.56, 6.10 
4, 47.00, 47.70, 15.00, 3.57, 6.10 
5, 47.00, 47.20, 7.00, 3.57, 6.10 
6, 48.00, 47.70, 6.00, 3.57, 6.10 
7, 47.00, 47.70, 10.00, 3.57, 6.10 
8, 46.00, 46.70, 10.00, 3.57, 6.10 
9, 47.00, 47.20, 15.00, 3.57, 6.10 
10, 47.00, 47.20, 10.00, 3.57, 6.10 
11, 47.00, 47.20, 15.00, 3.57, 6.10 
12, 47.00, 46.70, 15.00, 3.57, 6.10 
13, 45.00, 47.20, 6.00, 3.57, 6.10 
14, 47.00, 47.20, 7.00, 3.57, 6.10 
15, 46.00, 47.20, 6.00, 3.57, 6.10 
16, 46.00, 47.70, 6.00, 3.57, 6.10 
17, 47.00, 47.70, 15.00, 3.57, 6.10 
18, 47.00, 47.70, 15.00, 3.57, 6.10 
19, 46.00, 47.70, 15.00, 3.57, 6.10 
20, 47.00, 48.20, 15.00, 3.57, 6.10 
21, 46.00, 46.20, 15.00, 3.57, 6.10 
22, 46.00, 46.20, 15.00, 3.57, 6.10 
23, 47.00, 46.20, 15.00, 3.57, 6.10 
24, 46.00, 46.20, 15.00, 3.57, 6.10 
25, 46.00, 46.70, 15.00, 3.57, 6.10 
26, 46.00, 46.20, 7.00, 3.57, 6.10 
27, 46.00, 46.20, 9.00, 3.57, 6.10 
28, 46.00, 46.20, 15.00, 3.57, 6.10 
29, 46.00, 46.70, 15.00, 3.57, 6.10 
30, 47.00, 47.20, 15.00, 3.57, 6.10 
31, 47.00, 46.70, 15.00, 3.57, 6.10 
32, 46.00, 46.20, 15.00, 3.57, 6.10 
33, 45.00, 46.70, 15.00, 3.57, 6.10 
34, 45.00, 46.70, 7.00, 3.57, 6.10 
35, 47.00, 46.70, 6.00, 3.57, 6.10 
36, 46.00, 46.70, 10.00, 3.57, 6.10 
37, 47.00, 47.70, 15.00, 3.57, 6.10 
38, 46.00, 46.20, 15.00, 3.57, 6.10 
39, 47.00, 46.20, 15.00, 3.57, 6.10 
40, 46.00, 47.20, 7.00, 3.57, 6.10 
41, 47.00, 47.20, 15.00, 3.57, 6.10 
42, 47.00, 47.20, 15.00, 3.57, 6.10 
43, 47.00, 47.20, 15.00, 3.57, 6.10 
44, 47.00, 46.20, 15.00, 3.57, 6.10 
45, 46.00, 47.20, 8.00, 3.57, 6.10 
46, 45.00, 47.20, 10.00, 3.57, 6.10 
47, 46.00, 47.20, 15.00, 3.57, 6.10 
48, 45.00, 46.20, 15.00, 3.57, 6.10 
49, 46.00, 47.70, 7.00, 3.57, 6.10 
50, 46.00, 47.20, 15.00, 3.57, 6.10 
51, 46.00, 46.70, 15.00, 3.57, 6.10 
52, 47.00, 47.20, 15.00, 3.57, 6.10 
53, 46.00, 47.20, 15.00, 3.57, 6.10 
54, 47.00, 46.20, 15.00, 3.57, 6.10 
55, 45.00, 46.70, 8.00, 3.57, 6.10 
56, 46.00, 46.70, 15.00, 3.57, 6.10 
57, 46.00, 46.70, 15.00, 3.57, 6.10 
58, 47.00, 46.70, 15.00, 3.57, 6.10 
59, 47.00, 47.20, 15.00, 3.57, 6.10 
60, 47.00, 45.70, 15.00, 3.57, 6.10 
61, 46.00, 46.20, 15.00, 3.57, 6.10 
62, 46.00, 46.70, 15.00, 3.57, 6.10 
63, 46.00, 46.20, 15.00, 3.57, 6.10 
64, 46.00, 46.20, 6.00, 3.57, 6.10 
65, 45.00, 46.70, 6.00, 3.57, 6.10 
66, 46.00, 46.20, 15.00, 3.57, 6.10 
67, 46.00, 46.20, 15.00, 3.57, 6.10 
68, 46.00, 46.70, 15.00, 3.57, 6.10 
69, 46.00, 46.70, 15.00, 3.57, 6.10 
70, 47.00, 46.70, 15.00, 3.57, 6.10 
71, 45.00, 47.20, 15.00, 3.57, 6.10 
72, 46.00, 46.20, 15.00, 3.57, 6.10 
73, 47.00, 46.70, 15.00, 3.57, 6.10 
74, 45.00, 46.70, 15.00, 3.57, 6.10 
75, 45.00, 46.70, 10.00, 3.57, 6.10 
76, 45.00, 46.70, 8.00, 3.57, 6.10 
77, 47.00, 47.20, 15.00, 3.57, 6.10 
78, 46.00, 46.20, 15.00, 3.57, 6.10 
79, 45.00, 46.20, 15.00, 3.57, 6.10 
80, 46.00, 46.20, 15.00, 3.57, 6.10 
81, 45.00, 45.20, 15.00, 3.57, 6.10 
82, 46.00, 45.70, 15.00, 3.57, 6.10 
83, 46.00, 46.20, 15.00, 3.57, 6.10 
84, 45.00, 45.70, 15.00, 3.57, 6.10 
85, 47.00, 46.70, 6.00, 3.57, 6.10 
86, 46.00, 46.20, 9.00, 3.57, 6.10 
87, 46.00, 46.20, 15.00, 3.57, 6.10 
88, 46.00, 46.70, 15.00, 3.57, 6.10 
89, 45.00, 46.70, 15.00, 3.57, 6.10 
90, 45.00, 46.70, 15.00, 3.57, 6.10 
91, 46.00, 45.70, 15.00, 3.57, 6.10 
92, 46.00, 46.20, 15.00, 3.57, 6.10 
93, 46.00, 46.20, 15.00, 3.57, 6.10 
94, 45.00, 46.20, 15.00, 3.57, 6.10 
95, 46.00, 45.70, 7.00, 3.57, 6.10 
96, 46.00, 46.20, 15.00, 3.57, 6.10 
97, 45.00, 46.70, 15.00, 3.57, 6.10 
98, 46.00, 46.70, 15.00, 3.57, 6.10 
99, 45.00, 46.20, 15.00, 3.57, 6.10 
100, 45.00, 45.70, 15.00, 3.57, 6.10 
101, 46.00, 46.20, 15.00, 3.57, 6.10 
102, 46.00, 46.70, 15.00, 3.57, 6.10 
103, 46.00, 46.20, 15.00, 3.57, 6.10 
104, 46.00, 46.70, 15.00, 3.57, 6.10 
105, 45.00, 46.70, 9.00, 3.57, 6.10 
106, 46.00, 47.20, 9.00, 3.57, 6.10 
107, 46.00, 46.20, 15.00, 3.57, 6.10 
108, 46.00, 46.20, 15.00, 3.57, 6.10 
109, 45.00, 45.70, 15.00, 3.57, 6.10 
110, 45.00, 45.20, 15.00, 3.57, 6.10 
111, 46.00, 46.20, 15.00, 3.57, 6.10 
112, 46.00, 46.70, 15.00, 3.57, 6.10 
113, 46.00, 47.20, 15.00, 3.57, 6.10 
114, 45.00, 46.70, 15.00, 3.57, 6.10 
115, 46.00, 45.70, 15.00, 3.57, 6.10 
116, 46.00, 46.20, 8.00, 3.57, 6.10 
117, 46.00, 46.20, 15.00, 3.57, 6.10 
118, 47.00, 47.20, 15.00, 3.57, 6.10 
119, 46.00, 47.20, 15.00, 3.57, 6.10 
120, 46.00, 46.70, 15.00, 3.57, 6.10 
121, 47.00, 47.20, 15.00, 3.57, 6.10 
122, 46.00, 46.70, 15.00, 3.57, 6.10 
123, 46.00, 46.70, 15.00, 3.57, 6.10 
124, 47.00, 47.20, 15.00, 3.57, 6.10 
125, 46.00, 46.20, 6.00, 3.57, 6.10 
126, 46.00, 47.70, 15.00, 3.57, 6.10 
127, 46.00, 46.70, 15.00, 3.57, 6.10 
128, 46.00, 47.20, 15.00, 3.57, 6.10 
129, 46.00, 46.70, 15.00, 3.57, 6.10 
130, 46.00, 46.20, 15.00, 3.57, 6.10 
131, 46.00, 46.70, 15.00, 3.57, 6.10 
132, 47.00, 47.70, 15.00, 3.57, 6.10 
133, 46.00, 46.20, 15.00, 3.57, 6.10 
