#SECOND, CPU_TMP, GPU_TMP, CPU_FRQ, MEM_USE, CPU_USE
0, 44.00, 45.70, 15.00, 3.85, 5.90 
1, 44.00, 45.20, 15.00, 3.85, 5.90 
2, 45.00, 46.70, 9.00, 3.85, 5.90 
3, 46.00, 46.70, 15.00, 3.85, 5.90 
4, 46.00, 46.70, 15.00, 3.85, 5.90 
5, 46.00, 46.70, 15.00, 3.85, 5.90 
6, 46.00, 46.20, 15.00, 3.85, 5.80 
7, 45.00, 46.20, 15.00, 3.85, 5.90 
8, 46.00, 46.20, 7.00, 3.85, 5.90 
9, 45.00, 46.20, 15.00, 3.85, 5.90 
10, 46.00, 46.20, 8.00, 3.85, 5.90 
11, 45.00, 45.20, 15.00, 3.85, 5.90 
12, 46.00, 45.70, 7.00, 3.85, 5.90 
13, 45.00, 45.70, 15.00, 3.85, 5.80 
14, 45.00, 45.70, 15.00, 3.85, 5.90 
15, 46.00, 46.20, 15.00, 3.85, 5.90 
16, 47.00, 45.70, 7.00, 3.85, 5.90 
17, 47.00, 46.20, 15.00, 3.85, 5.90 
18, 46.00, 46.20, 7.00, 3.85, 5.90 
19, 46.00, 46.70, 15.00, 3.85, 5.90 
20, 46.00, 46.20, 15.00, 3.85, 5.90 
21, 46.00, 46.70, 15.00, 3.85, 5.80 
22, 45.00, 46.20, 15.00, 3.85, 5.90 
23, 45.00, 45.70, 7.00, 3.85, 5.90 
24, 45.00, 47.20, 15.00, 3.85, 5.90 
25, 47.00, 45.70, 15.00, 3.85, 5.90 
26, 45.00, 46.70, 10.00, 3.85, 5.90 
27, 45.00, 45.70, 15.00, 3.85, 5.90 
28, 45.00, 46.70, 15.00, 3.85, 5.90 
29, 46.00, 46.70, 15.00, 3.85, 5.90 
30, 46.00, 46.70, 15.00, 3.85, 5.90 
31, 47.00, 46.70, 15.00, 3.85, 5.90 
32, 46.00, 45.70, 7.00, 3.85, 5.90 
33, 46.00, 46.70, 15.00, 3.85, 5.90 
34, 45.00, 47.20, 7.00, 3.85, 5.90 
35, 46.00, 46.20, 15.00, 3.85, 5.90 
36, 46.00, 46.20, 9.00, 3.85, 5.90 
37, 46.00, 46.70, 15.00, 3.85, 5.90 
38, 45.00, 46.70, 15.00, 3.85, 5.90 
39, 45.00, 47.20, 15.00, 3.85, 5.90 
40, 46.00, 45.70, 15.00, 3.85, 5.90 
41, 45.00, 45.70, 15.00, 3.85, 5.90 
42, 46.00, 46.20, 15.00, 3.85, 5.90 
43, 45.00, 46.20, 15.00, 3.85, 5.90 
44, 47.00, 47.70, 6.00, 3.85, 5.90 
45, 46.00, 46.20, 15.00, 3.85, 5.90 
46, 47.00, 47.20, 7.00, 3.85, 5.90 
47, 47.00, 47.20, 15.00, 3.85, 5.90 
48, 46.00, 46.20, 15.00, 3.85, 5.90 
49, 46.00, 47.20, 7.00, 3.85, 5.90 
50, 45.00, 45.70, 15.00, 3.85, 5.90 
51, 46.00, 46.20, 15.00, 3.85, 5.90 
52, 45.00, 47.70, 15.00, 3.85, 5.90 
53, 46.00, 46.70, 15.00, 3.85, 5.90 
54, 47.00, 44.80, 7.00, 3.85, 5.90 
55, 46.00, 46.20, 15.00, 3.85, 5.90 
56, 46.00, 46.20, 15.00, 3.85, 5.90 
57, 46.00, 46.20, 8.00, 3.85, 5.90 
58, 46.00, 47.20, 15.00, 3.85, 5.90 
59, 46.00, 47.20, 15.00, 3.85, 5.90 
60, 46.00, 46.20, 15.00, 3.85, 5.90 
61, 46.00, 46.70, 15.00, 3.85, 5.90 
62, 47.00, 46.70, 15.00, 3.85, 5.90 
63, 46.00, 46.70, 7.00, 3.85, 5.90 
64, 47.00, 46.20, 15.00, 3.85, 5.90 
65, 46.00, 47.20, 15.00, 3.85, 5.90 
66, 46.00, 47.20, 15.00, 3.85, 5.90 
67, 46.00, 46.70, 15.00, 3.85, 5.90 
68, 47.00, 46.20, 15.00, 3.85, 5.90 
69, 45.00, 46.70, 7.00, 3.85, 5.90 
70, 46.00, 46.70, 15.00, 3.85, 5.90 
71, 46.00, 46.70, 15.00, 3.85, 5.90 
72, 46.00, 45.70, 15.00, 3.85, 5.90 
73, 47.00, 47.20, 15.00, 3.85, 5.90 
74, 47.00, 46.70, 15.00, 3.85, 5.90 
75, 46.00, 46.70, 15.00, 3.85, 5.90 
76, 46.00, 46.20, 15.00, 3.85, 5.90 
77, 46.00, 45.70, 15.00, 3.85, 5.90 
78, 46.00, 46.70, 15.00, 3.85, 5.90 
79, 46.00, 46.20, 7.00, 3.85, 5.90 
80, 46.00, 46.70, 10.00, 3.85, 5.90 
81, 46.00, 46.70, 15.00, 3.85, 5.90 
82, 46.00, 47.70, 15.00, 3.85, 5.90 
83, 46.00, 46.20, 15.00, 3.85, 5.90 
84, 46.00, 46.20, 15.00, 3.85, 5.90 
85, 46.00, 47.20, 15.00, 3.85, 5.90 
86, 46.00, 46.20, 15.00, 3.85, 5.90 
87, 47.00, 46.20, 8.00, 3.85, 5.90 
88, 46.00, 46.70, 15.00, 3.85, 5.90 
89, 46.00, 47.20, 15.00, 3.85, 5.90 
90, 47.00, 47.70, 15.00, 3.85, 5.90 
91, 46.00, 47.20, 15.00, 3.85, 5.90 
92, 47.00, 47.20, 15.00, 3.85, 5.90 
93, 46.00, 46.70, 15.00, 3.85, 5.90 
94, 46.00, 47.20, 15.00, 3.85, 5.90 
95, 46.00, 47.20, 15.00, 3.85, 5.90 
96, 46.00, 46.70, 9.00, 3.85, 5.90 
97, 46.00, 47.20, 15.00, 3.85, 5.90 
98, 47.00, 46.70, 15.00, 3.85, 5.90 
99, 46.00, 45.70, 15.00, 3.85, 5.90 
100, 45.00, 45.70, 15.00, 3.85, 5.90 
101, 46.00, 47.20, 15.00, 3.85, 5.90 
102, 47.00, 47.20, 15.00, 3.85, 5.90 
103, 46.00, 46.70, 8.00, 3.85, 5.90 
104, 46.00, 47.20, 15.00, 3.85, 5.90 
105, 47.00, 47.20, 15.00, 3.85, 5.90 
106, 47.00, 47.20, 15.00, 3.85, 5.90 
107, 47.00, 46.70, 15.00, 3.85, 5.90 
108, 46.00, 46.20, 15.00, 3.85, 5.90 
109, 47.00, 47.20, 15.00, 3.85, 5.90 
110, 46.00, 47.20, 15.00, 3.85, 5.90 
111, 46.00, 46.70, 15.00, 3.85, 5.90 
112, 47.00, 46.20, 7.00, 3.85, 5.90 
113, 46.00, 46.20, 15.00, 3.85, 5.90 
114, 46.00, 46.20, 15.00, 3.85, 5.90 
115, 47.00, 46.70, 15.00, 3.85, 5.90 
116, 46.00, 47.20, 15.00, 3.85, 5.90 
117, 47.00, 47.20, 8.00, 3.85, 5.90 
118, 47.00, 46.70, 15.00, 3.85, 5.90 
119, 46.00, 46.70, 6.00, 3.85, 5.90 
120, 45.00, 46.20, 15.00, 3.85, 5.90 
121, 46.00, 48.20, 8.00, 3.85, 5.90 
122, 47.00, 47.20, 15.00, 3.85, 5.90 
123, 47.00, 47.20, 15.00, 3.85, 5.90 
124, 46.00, 47.20, 15.00, 3.85, 5.90 
125, 46.00, 46.70, 15.00, 3.85, 5.90 
126, 46.00, 45.70, 15.00, 3.85, 5.90 
127, 46.00, 46.70, 15.00, 3.85, 5.90 
128, 46.00, 47.20, 15.00, 3.85, 5.90 
129, 47.00, 47.20, 7.00, 3.85, 5.90 
130, 47.00, 47.20, 15.00, 3.85, 5.90 
131, 46.00, 47.70, 15.00, 3.85, 5.90 
132, 47.00, 46.70, 7.00, 3.85, 5.90 
133, 46.00, 46.70, 15.00, 3.85, 5.90 
134, 46.00, 46.20, 15.00, 3.85, 5.90 
135, 46.00, 46.20, 15.00, 3.85, 5.90 
136, 47.00, 47.20, 15.00, 3.85, 5.90 
137, 47.00, 47.20, 15.00, 3.85, 5.90 
138, 47.00, 47.70, 15.00, 3.85, 5.90 
139, 47.00, 46.70, 15.00, 3.85, 5.90 
140, 46.00, 46.70, 15.00, 3.85, 5.90 
141, 47.00, 47.20, 15.00, 3.85, 5.90 
142, 46.00, 46.70, 15.00, 3.85, 5.90 
143, 47.00, 46.20, 15.00, 3.85, 5.90 
144, 46.00, 47.20, 15.00, 3.85, 5.90 
145, 46.00, 47.20, 7.00, 3.85, 5.90 
146, 46.00, 46.70, 15.00, 3.85, 5.90 
147, 47.00, 46.20, 10.00, 3.85, 5.90 
148, 46.00, 47.20, 15.00, 3.85, 5.90 
149, 46.00, 47.20, 7.00, 3.85, 5.90 
150, 46.00, 47.70, 15.00, 3.85, 5.90 
151, 46.00, 47.20, 15.00, 3.85, 5.90 
152, 47.00, 46.70, 15.00, 3.85, 5.90 
153, 46.00, 46.70, 15.00, 3.85, 5.90 
154, 45.00, 47.70, 15.00, 3.85, 5.90 
155, 47.00, 47.70, 15.00, 3.85, 5.90 
156, 46.00, 47.20, 15.00, 3.85, 5.90 
157, 46.00, 47.20, 15.00, 3.85, 5.90 
158, 47.00, 47.20, 15.00, 3.85, 5.90 
159, 46.00, 47.20, 6.00, 3.85, 5.90 
160, 45.00, 47.20, 15.00, 3.85, 5.90 
161, 46.00, 47.70, 15.00, 3.85, 5.90 
162, 47.00, 46.20, 15.00, 3.85, 5.90 
163, 47.00, 47.70, 15.00, 3.85, 5.90 
164, 46.00, 47.20, 15.00, 3.85, 5.90 
165, 47.00, 46.70, 15.00, 3.85, 5.90 
166, 47.00, 46.70, 15.00, 3.85, 5.90 
167, 47.00, 46.70, 6.00, 3.85, 5.90 
168, 47.00, 46.70, 15.00, 3.85, 5.90 
169, 46.00, 47.20, 15.00, 3.85, 5.90 
170, 47.00, 47.20, 15.00, 3.85, 5.90 
171, 47.00, 46.70, 9.00, 3.85, 5.90 
172, 47.00, 47.20, 15.00, 3.85, 5.90 
173, 47.00, 46.70, 7.00, 3.85, 5.90 
174, 47.00, 47.20, 15.00, 3.85, 5.90 
175, 46.00, 46.70, 15.00, 3.85, 5.90 
176, 47.00, 46.70, 7.00, 3.85, 5.90 
177, 46.00, 47.70, 15.00, 3.85, 5.90 
178, 47.00, 47.20, 15.00, 3.85, 5.90 
179, 46.00, 46.20, 7.00, 3.85, 5.90 
180, 47.00, 47.20, 6.00, 3.85, 5.90 
181, 46.00, 45.70, 15.00, 3.85, 5.90 
182, 46.00, 47.20, 15.00, 3.85, 5.90 
183, 47.00, 48.20, 15.00, 3.85, 5.90 
184, 46.00, 46.70, 15.00, 3.85, 5.90 
185, 46.00, 46.70, 15.00, 3.85, 5.90 
186, 46.00, 46.20, 15.00, 3.85, 5.90 
187, 47.00, 46.70, 7.00, 3.85, 5.90 
188, 46.00, 48.20, 15.00, 3.85, 5.90 
189, 47.00, 47.20, 15.00, 3.85, 5.90 
190, 45.00, 47.20, 15.00, 3.85, 5.90 
191, 47.00, 47.70, 9.00, 3.85, 5.90 
192, 47.00, 46.70, 15.00, 3.85, 5.90 
193, 46.00, 47.70, 15.00, 3.85, 5.90 
194, 46.00, 46.20, 15.00, 3.85, 5.90 
195, 46.00, 47.20, 15.00, 3.85, 5.90 
196, 46.00, 46.20, 15.00, 3.85, 5.90 
197, 46.00, 46.70, 15.00, 3.85, 5.90 
198, 47.00, 47.70, 15.00, 3.85, 5.90 
199, 47.00, 47.20, 9.00, 3.85, 5.90 
200, 46.00, 47.70, 15.00, 3.85, 5.90 
201, 46.00, 47.20, 15.00, 3.85, 5.90 
202, 46.00, 46.20, 7.00, 3.85, 5.90 
203, 46.00, 47.20, 15.00, 3.85, 5.90 
204, 46.00, 46.70, 15.00, 3.85, 5.90 
205, 48.00, 48.20, 15.00, 3.85, 5.90 
206, 46.00, 46.70, 15.00, 3.85, 5.90 
207, 45.00, 48.20, 15.00, 3.85, 5.90 
208, 47.00, 46.70, 15.00, 3.85, 5.90 
209, 46.00, 47.20, 7.00, 3.85, 5.90 
210, 46.00, 46.20, 15.00, 3.85, 5.90 
211, 46.00, 46.70, 15.00, 3.85, 5.90 
212, 47.00, 47.20, 15.00, 3.85, 5.90 
213, 46.00, 48.20, 15.00, 3.85, 5.90 
214, 46.00, 47.20, 15.00, 3.85, 5.90 
215, 47.00, 47.20, 15.00, 3.85, 5.90 
216, 47.00, 47.70, 15.00, 3.85, 5.90 
217, 47.00, 47.20, 15.00, 3.85, 5.90 
218, 47.00, 47.70, 15.00, 3.85, 5.90 
219, 47.00, 47.20, 15.00, 3.85, 5.90 
220, 47.00, 46.70, 15.00, 3.85, 5.90 
221, 47.00, 47.70, 15.00, 3.85, 5.90 
222, 47.00, 47.70, 15.00, 3.85, 5.90 
223, 46.00, 47.20, 15.00, 3.85, 5.90 
224, 47.00, 47.20, 8.00, 3.85, 5.90 
225, 47.00, 47.20, 15.00, 3.85, 5.90 
226, 46.00, 46.70, 6.00, 3.85, 5.90 
227, 46.00, 46.70, 15.00, 3.85, 5.90 
228, 47.00, 47.70, 15.00, 3.85, 5.90 
229, 47.00, 46.20, 8.00, 3.85, 5.90 
230, 47.00, 46.20, 15.00, 3.85, 5.90 
231, 47.00, 47.70, 15.00, 3.85, 5.90 
232, 47.00, 47.70, 8.00, 3.85, 5.90 
233, 46.00, 46.70, 15.00, 3.85, 5.90 
234, 46.00, 47.20, 7.00, 3.85, 5.90 
235, 47.00, 47.20, 15.00, 3.85, 5.90 
236, 47.00, 47.70, 15.00, 3.85, 5.90 
237, 47.00, 47.20, 15.00, 3.85, 5.90 
238, 47.00, 46.70, 15.00, 3.85, 5.90 
239, 47.00, 47.70, 15.00, 3.85, 5.90 
240, 47.00, 47.20, 7.00, 3.85, 5.90 
241, 46.00, 46.70, 15.00, 3.85, 5.90 
242, 47.00, 47.70, 15.00, 3.85, 5.90 
243, 46.00, 47.20, 15.00, 3.85, 5.90 
244, 47.00, 47.70, 7.00, 3.85, 5.90 
245, 47.00, 47.70, 7.00, 3.85, 5.90 
246, 46.00, 47.20, 15.00, 3.85, 5.90 
247, 47.00, 47.20, 15.00, 3.85, 5.90 
248, 46.00, 47.70, 15.00, 3.85, 5.90 
249, 47.00, 47.20, 15.00, 3.85, 5.90 
250, 45.00, 46.20, 15.00, 3.85, 5.90 
251, 46.00, 47.70, 15.00, 3.85, 5.90 
252, 46.00, 47.70, 15.00, 3.85, 5.90 
253, 46.00, 47.70, 15.00, 3.85, 5.90 
254, 47.00, 47.70, 15.00, 3.85, 5.90 
255, 47.00, 48.20, 7.00, 3.85, 5.90 
256, 47.00, 47.20, 15.00, 3.85, 5.90 
257, 47.00, 46.70, 7.00, 3.85, 5.90 
258, 46.00, 46.70, 15.00, 3.85, 5.90 
259, 46.00, 47.70, 7.00, 3.85, 5.90 
260, 48.00, 48.20, 15.00, 3.85, 5.90 
261, 46.00, 46.70, 15.00, 3.85, 5.90 
262, 47.00, 47.20, 15.00, 3.85, 5.90 
263, 47.00, 46.70, 15.00, 3.85, 5.90 
264, 47.00, 47.20, 7.00, 3.85, 5.90 
265, 47.00, 47.70, 15.00, 3.85, 5.90 
266, 47.00, 47.20, 15.00, 3.85, 5.90 
267, 46.00, 46.70, 15.00, 3.85, 5.90 
268, 47.00, 47.20, 10.00, 3.85, 5.90 
269, 47.00, 47.70, 10.00, 3.85, 5.90 
270, 46.00, 48.20, 15.00, 3.85, 5.90 
271, 46.00, 46.70, 15.00, 3.85, 5.90 
272, 47.00, 47.20, 6.00, 3.85, 5.90 
273, 47.00, 46.70, 15.00, 3.85, 5.90 
274, 47.00, 47.20, 15.00, 3.85, 5.90 
275, 47.00, 47.70, 7.00, 3.85, 5.90 
276, 46.00, 46.70, 15.00, 3.85, 5.90 
277, 47.00, 47.70, 15.00, 3.85, 5.90 
278, 48.00, 47.20, 15.00, 3.85, 5.90 
279, 47.00, 47.70, 15.00, 3.85, 5.90 
280, 48.00, 47.70, 15.00, 3.85, 5.90 
281, 46.00, 48.20, 8.00, 3.85, 5.90 
282, 46.00, 47.20, 8.00, 3.85, 5.90 
283, 46.00, 47.70, 10.00, 3.85, 5.90 
284, 46.00, 46.70, 15.00, 3.85, 5.90 
285, 46.00, 47.20, 15.00, 3.85, 5.90 
286, 47.00, 46.70, 10.00, 3.85, 5.90 
287, 47.00, 48.20, 15.00, 3.86, 5.90 
288, 47.00, 47.70, 7.00, 3.86, 5.90 
289, 47.00, 46.70, 8.00, 3.86, 5.90 
290, 46.00, 46.20, 15.00, 3.86, 5.90 
291, 46.00, 47.20, 15.00, 3.86, 5.90 
292, 47.00, 47.20, 7.00, 3.86, 5.90 
293, 47.00, 46.70, 15.00, 3.86, 5.90 
294, 47.00, 47.20, 15.00, 3.86, 5.90 
295, 47.00, 47.20, 15.00, 3.86, 5.90 
296, 47.00, 46.70, 15.00, 3.86, 5.90 
297, 47.00, 48.20, 7.00, 3.86, 5.90 
298, 47.00, 48.70, 15.00, 3.86, 5.90 
299, 47.00, 48.20, 15.00, 3.86, 5.90 
300, 47.00, 47.70, 15.00, 3.86, 5.90 
301, 47.00, 48.20, 8.00, 3.86, 5.90 
302, 46.00, 47.20, 15.00, 3.86, 5.90 
303, 48.00, 47.70, 7.00, 3.86, 5.90 
304, 47.00, 47.70, 15.00, 3.86, 5.90 
305, 47.00, 47.20, 15.00, 3.86, 5.90 
306, 47.00, 47.70, 15.00, 3.86, 5.90 
307, 47.00, 46.20, 15.00, 3.86, 5.90 
308, 47.00, 47.70, 7.00, 3.86, 5.90 
309, 46.00, 48.20, 15.00, 3.86, 5.90 
310, 47.00, 47.20, 15.00, 3.86, 5.90 
311, 47.00, 48.70, 15.00, 3.86, 5.90 
312, 47.00, 47.70, 7.00, 3.86, 5.90 
313, 47.00, 47.20, 15.00, 3.86, 5.90 
314, 47.00, 48.20, 7.00, 3.86, 5.90 
315, 47.00, 47.70, 15.00, 3.86, 5.90 
316, 47.00, 48.20, 15.00, 3.86, 5.90 
317, 47.00, 47.70, 15.00, 3.86, 5.90 
318, 47.00, 47.70, 15.00, 3.86, 5.90 
319, 47.00, 46.70, 15.00, 3.86, 5.90 
320, 47.00, 46.20, 15.00, 3.86, 5.90 
321, 46.00, 47.70, 15.00, 3.86, 5.90 
322, 47.00, 47.20, 15.00, 3.86, 5.90 
323, 47.00, 46.70, 15.00, 3.86, 5.90 
324, 47.00, 47.20, 10.00, 3.86, 5.90 
325, 46.00, 46.70, 15.00, 3.86, 5.90 
326, 47.00, 47.70, 15.00, 3.86, 5.90 
327, 47.00, 46.70, 10.00, 3.86, 5.90 
328, 47.00, 46.70, 9.00, 3.86, 5.90 
329, 46.00, 47.20, 15.00, 3.86, 5.90 
330, 47.00, 45.70, 15.00, 3.86, 5.90 
331, 47.00, 48.20, 7.00, 3.86, 5.90 
332, 46.00, 47.20, 15.00, 3.86, 5.90 
333, 46.00, 48.20, 15.00, 3.86, 5.90 
334, 47.00, 47.20, 15.00, 3.86, 5.90 
335, 46.00, 47.20, 15.00, 3.86, 5.90 
336, 47.00, 47.20, 7.00, 3.86, 5.90 
337, 47.00, 47.70, 15.00, 3.86, 5.90 
338, 48.00, 46.20, 10.00, 3.86, 5.90 
339, 47.00, 47.70, 15.00, 3.86, 5.90 
340, 48.00, 48.20, 15.00, 3.86, 5.90 
341, 47.00, 47.70, 15.00, 3.86, 5.90 
342, 47.00, 47.20, 15.00, 3.86, 5.90 
343, 47.00, 47.70, 6.00, 3.86, 5.90 
344, 47.00, 47.20, 15.00, 3.86, 5.90 
345, 47.00, 46.70, 6.00, 3.86, 5.90 
346, 46.00, 47.70, 15.00, 3.86, 5.90 
347, 47.00, 48.20, 7.00, 3.86, 5.90 
348, 46.00, 47.70, 8.00, 3.86, 5.90 
349, 47.00, 47.20, 15.00, 3.86, 5.90 
350, 48.00, 46.20, 15.00, 3.86, 5.90 
351, 47.00, 48.20, 7.00, 3.86, 5.90 
352, 48.00, 47.20, 15.00, 3.86, 5.90 
353, 46.00, 47.20, 15.00, 3.86, 5.90 
354, 47.00, 46.70, 15.00, 3.86, 5.90 
355, 47.00, 47.20, 15.00, 3.86, 5.90 
356, 47.00, 47.70, 6.00, 3.86, 5.90 
357, 47.00, 46.70, 15.00, 3.86, 5.90 
358, 47.00, 47.70, 7.00, 3.86, 5.90 
359, 47.00, 47.20, 6.00, 3.86, 5.90 
360, 48.00, 48.70, 15.00, 3.86, 5.90 
361, 47.00, 46.70, 15.00, 3.86, 5.90 
362, 47.00, 48.20, 8.00, 3.86, 5.90 
363, 47.00, 46.70, 9.00, 3.86, 5.90 
364, 47.00, 47.20, 15.00, 3.86, 5.90 
365, 48.00, 46.70, 15.00, 3.86, 5.90 
366, 46.00, 47.70, 7.00, 3.86, 5.90 
367, 47.00, 47.70, 15.00, 3.86, 5.90 
368, 47.00, 47.70, 15.00, 3.86, 5.90 
369, 48.00, 48.70, 8.00, 3.86, 5.90 
370, 46.00, 47.70, 15.00, 3.86, 5.90 
371, 47.00, 46.70, 15.00, 3.86, 5.90 
372, 46.00, 46.70, 15.00, 3.86, 5.90 
373, 47.00, 47.70, 7.00, 3.86, 5.90 
374, 46.00, 47.70, 15.00, 3.86, 5.90 
375, 47.00, 47.70, 15.00, 3.86, 5.90 
376, 47.00, 48.20, 15.00, 3.86, 5.90 
377, 47.00, 48.20, 9.00, 3.86, 5.90 
378, 47.00, 47.70, 15.00, 3.86, 5.90 
379, 46.00, 46.20, 7.00, 3.86, 5.90 
380, 46.00, 47.70, 15.00, 3.86, 5.90 
381, 47.00, 46.70, 15.00, 3.86, 5.90 
382, 47.00, 46.70, 15.00, 3.86, 5.90 
383, 47.00, 48.20, 15.00, 3.86, 5.90 
384, 46.00, 47.70, 15.00, 3.86, 5.90 
385, 47.00, 47.70, 7.00, 3.86, 5.90 
386, 46.00, 46.70, 15.00, 3.86, 5.90 
387, 46.00, 47.70, 15.00, 3.86, 5.90 
388, 46.00, 47.70, 15.00, 3.86, 5.90 
389, 47.00, 46.70, 15.00, 3.86, 5.90 
390, 48.00, 48.20, 15.00, 3.86, 5.90 
391, 48.00, 48.20, 8.00, 3.86, 5.90 
392, 48.00, 47.20, 15.00, 3.86, 5.90 
393, 47.00, 47.20, 8.00, 3.86, 5.90 
394, 48.00, 47.70, 15.00, 3.86, 5.90 
395, 48.00, 46.20, 15.00, 3.86, 5.90 
396, 48.00, 47.70, 15.00, 3.86, 5.90 
397, 47.00, 48.70, 10.00, 3.86, 5.90 
398, 47.00, 47.70, 15.00, 3.86, 5.90 
399, 47.00, 47.20, 15.00, 3.86, 5.90 
400, 47.00, 47.70, 15.00, 3.86, 5.90 
401, 48.00, 48.20, 7.00, 3.86, 5.90 
402, 46.00, 47.20, 15.00, 3.86, 5.90 
403, 47.00, 47.70, 15.00, 3.86, 5.90 
404, 47.00, 46.70, 15.00, 3.86, 5.90 
405, 46.00, 48.20, 15.00, 3.86, 5.90 
406, 46.00, 46.70, 15.00, 3.86, 5.90 
407, 47.00, 47.20, 15.00, 3.86, 5.90 
408, 47.00, 47.70, 15.00, 3.86, 5.90 
409, 47.00, 46.70, 15.00, 3.86, 5.90 
410, 47.00, 48.20, 15.00, 3.86, 5.90 
411, 47.00, 47.70, 15.00, 3.86, 5.90 
412, 46.00, 47.20, 7.00, 3.86, 5.90 
413, 47.00, 47.20, 15.00, 3.86, 5.90 
414, 47.00, 48.20, 7.00, 3.86, 5.90 
415, 47.00, 47.20, 15.00, 3.86, 5.90 
416, 47.00, 48.20, 8.00, 3.86, 5.90 
417, 47.00, 47.70, 15.00, 3.86, 5.90 
418, 46.00, 48.20, 15.00, 3.86, 5.90 
419, 48.00, 47.20, 15.00, 3.86, 5.90 
420, 48.00, 48.20, 15.00, 3.86, 5.90 
421, 48.00, 47.70, 8.00, 3.86, 5.90 
422, 47.00, 47.20, 15.00, 3.86, 5.90 
423, 47.00, 47.20, 15.00, 3.86, 5.90 
424, 48.00, 48.20, 15.00, 3.86, 5.90 
425, 47.00, 47.20, 10.00, 3.86, 5.90 
426, 47.00, 47.20, 15.00, 3.86, 5.90 
427, 48.00, 47.70, 10.00, 3.86, 5.90 
428, 48.00, 47.70, 15.00, 3.86, 5.90 
429, 47.00, 47.20, 15.00, 3.86, 5.90 
430, 47.00, 48.20, 7.00, 3.86, 5.90 
431, 47.00, 47.70, 9.00, 3.86, 5.90 
432, 47.00, 48.20, 15.00, 3.86, 5.90 
433, 47.00, 48.20, 15.00, 3.86, 5.90 
434, 47.00, 47.70, 15.00, 3.86, 5.90 
435, 48.00, 47.70, 15.00, 3.86, 5.90 
436, 46.00, 48.70, 15.00, 3.86, 5.90 
437, 48.00, 46.70, 8.00, 3.86, 5.90 
438, 46.00, 47.70, 15.00, 3.86, 5.90 
439, 48.00, 47.70, 15.00, 3.86, 5.90 
440, 47.00, 48.20, 7.00, 3.86, 5.90 
441, 48.00, 48.20, 15.00, 3.86, 5.90 
442, 47.00, 48.20, 15.00, 3.86, 5.90 
443, 47.00, 47.20, 15.00, 3.86, 5.90 
444, 47.00, 48.20, 15.00, 3.86, 5.90 
445, 46.00, 47.20, 15.00, 3.86, 5.90 
446, 47.00, 47.70, 15.00, 3.86, 5.90 
447, 48.00, 48.20, 15.00, 3.86, 5.90 
448, 46.00, 48.20, 15.00, 3.86, 5.90 
449, 46.00, 48.20, 8.00, 3.86, 5.90 
450, 48.00, 48.20, 15.00, 3.86, 5.90 
451, 47.00, 46.70, 7.00, 3.86, 5.90 
452, 46.00, 46.70, 15.00, 3.86, 5.90 
453, 46.00, 48.20, 15.00, 3.86, 5.90 
454, 47.00, 48.70, 15.00, 3.86, 5.90 
455, 48.00, 48.20, 15.00, 3.86, 5.90 
456, 48.00, 47.70, 15.00, 3.86, 5.90 
457, 47.00, 47.70, 15.00, 3.86, 5.90 
458, 47.00, 48.20, 15.00, 3.86, 5.90 
459, 47.00, 47.20, 15.00, 3.86, 5.90 
460, 47.00, 47.70, 15.00, 3.86, 5.90 
461, 47.00, 48.70, 7.00, 3.86, 5.90 
462, 46.00, 48.20, 15.00, 3.86, 5.90 
463, 47.00, 48.20, 7.00, 3.86, 5.90 
464, 47.00, 47.20, 8.00, 3.86, 5.90 
465, 48.00, 48.20, 15.00, 3.86, 5.90 
466, 47.00, 47.20, 15.00, 3.86, 5.90 
467, 48.00, 47.20, 15.00, 3.86, 5.90 
468, 48.00, 47.70, 15.00, 3.86, 5.90 
469, 47.00, 47.20, 8.00, 3.86, 5.90 
470, 46.00, 47.20, 15.00, 3.86, 5.90 
471, 46.00, 47.70, 15.00, 3.86, 5.90 
472, 47.00, 47.70, 10.00, 3.86, 5.90 
473, 47.00, 47.20, 15.00, 3.86, 5.90 
474, 47.00, 48.20, 7.00, 3.86, 5.90 
475, 47.00, 47.20, 15.00, 3.86, 5.90 
476, 48.00, 47.20, 15.00, 3.86, 5.90 
477, 47.00, 48.20, 10.00, 3.86, 5.90 
478, 47.00, 47.20, 15.00, 3.86, 5.90 
479, 48.00, 47.70, 7.00, 3.86, 5.90 
480, 48.00, 48.70, 15.00, 3.86, 5.90 
481, 48.00, 47.70, 15.00, 3.86, 5.90 
482, 47.00, 47.20, 7.00, 3.86, 5.90 
483, 47.00, 47.20, 15.00, 3.86, 5.90 
484, 47.00, 47.70, 15.00, 3.86, 5.90 
485, 47.00, 47.70, 15.00, 3.86, 5.90 
486, 47.00, 48.20, 7.00, 3.86, 5.90 
487, 48.00, 48.70, 15.00, 3.86, 5.90 
488, 47.00, 48.20, 15.00, 3.86, 5.90 
489, 47.00, 48.70, 15.00, 3.86, 5.90 
490, 48.00, 47.70, 15.00, 3.86, 5.90 
491, 48.00, 48.70, 15.00, 3.86, 5.90 
492, 47.00, 47.70, 15.00, 3.86, 5.90 
493, 48.00, 48.20, 15.00, 3.86, 5.90 
494, 47.00, 48.70, 7.00, 3.86, 5.90 
495, 47.00, 47.20, 9.00, 3.86, 5.90 
496, 47.00, 46.70, 15.00, 3.86, 5.90 
497, 48.00, 48.20, 15.00, 3.86, 5.90 
498, 47.00, 47.70, 15.00, 3.86, 5.90 
499, 46.00, 48.20, 7.00, 3.86, 5.90 
500, 47.00, 46.70, 15.00, 3.86, 5.90 
501, 47.00, 46.70, 15.00, 3.86, 5.90 
502, 48.00, 47.70, 7.00, 3.86, 5.90 
503, 46.00, 46.70, 15.00, 3.86, 5.90 
504, 48.00, 47.70, 15.00, 3.86, 5.90 
505, 47.00, 47.70, 8.00, 3.86, 5.90 
506, 47.00, 47.70, 15.00, 3.86, 5.90 
507, 47.00, 47.70, 15.00, 3.86, 5.90 
508, 47.00, 47.70, 15.00, 3.86, 5.90 
509, 47.00, 47.70, 15.00, 3.86, 5.90 
510, 47.00, 48.20, 7.00, 3.86, 5.90 
511, 48.00, 48.20, 15.00, 3.86, 5.90 
512, 47.00, 47.70, 15.00, 3.86, 5.90 
513, 48.00, 47.70, 15.00, 3.86, 5.90 
514, 48.00, 47.70, 15.00, 3.86, 5.90 
515, 48.00, 48.20, 15.00, 3.86, 5.90 
516, 47.00, 47.20, 9.00, 3.86, 5.90 
517, 48.00, 46.70, 7.00, 3.86, 5.90 
518, 47.00, 47.70, 15.00, 3.86, 5.90 
519, 48.00, 47.70, 7.00, 3.86, 5.90 
520, 47.00, 48.20, 15.00, 3.86, 5.90 
521, 46.00, 49.10, 15.00, 3.86, 5.90 
522, 47.00, 47.20, 15.00, 3.86, 5.90 
523, 47.00, 47.70, 6.00, 3.86, 5.90 
524, 48.00, 47.70, 15.00, 3.86, 5.90 
525, 47.00, 47.20, 15.00, 3.86, 5.90 
526, 47.00, 48.20, 15.00, 3.86, 5.90 
527, 48.00, 48.20, 15.00, 3.86, 5.90 
528, 48.00, 47.20, 15.00, 3.86, 5.90 
529, 46.00, 47.20, 15.00, 3.86, 5.90 
530, 47.00, 47.70, 15.00, 3.86, 5.90 
531, 47.00, 48.70, 8.00, 3.86, 5.90 
532, 47.00, 47.70, 15.00, 3.86, 5.90 
533, 48.00, 47.70, 15.00, 3.86, 5.90 
534, 48.00, 48.20, 15.00, 3.86, 5.90 
535, 46.00, 47.70, 10.00, 3.86, 5.90 
536, 47.00, 48.20, 15.00, 3.86, 5.90 
537, 48.00, 47.70, 15.00, 3.86, 5.90 
538, 47.00, 47.70, 15.00, 3.86, 5.90 
539, 47.00, 47.20, 15.00, 3.86, 5.90 
540, 47.00, 47.70, 6.00, 3.86, 5.90 
541, 49.00, 47.20, 15.00, 3.86, 5.90 
542, 48.00, 47.70, 15.00, 3.86, 5.90 
543, 47.00, 47.20, 15.00, 3.86, 5.90 
544, 48.00, 48.20, 15.00, 3.86, 5.90 
545, 48.00, 47.70, 15.00, 3.86, 5.90 
546, 47.00, 47.70, 7.00, 3.86, 5.90 
547, 47.00, 47.70, 15.00, 3.86, 5.90 
548, 47.00, 47.70, 7.00, 3.86, 5.90 
549, 47.00, 47.70, 15.00, 3.86, 5.90 
550, 47.00, 47.20, 15.00, 3.86, 5.90 
551, 48.00, 47.70, 15.00, 3.86, 5.90 
552, 47.00, 47.70, 15.00, 3.86, 5.90 
553, 48.00, 47.70, 8.00, 3.86, 5.90 
554, 47.00, 47.70, 6.00, 3.86, 5.90 
555, 47.00, 47.70, 15.00, 3.86, 5.90 
556, 47.00, 47.70, 15.00, 3.86, 5.90 
557, 47.00, 47.70, 15.00, 3.86, 5.90 
558, 48.00, 47.20, 15.00, 3.86, 5.90 
559, 47.00, 48.70, 15.00, 3.86, 5.90 
560, 48.00, 47.70, 15.00, 3.86, 5.90 
561, 46.00, 47.20, 15.00, 3.86, 5.90 
562, 46.00, 48.20, 15.00, 3.86, 5.90 
563, 47.00, 47.20, 15.00, 3.86, 5.90 
564, 47.00, 47.70, 15.00, 3.86, 5.90 
565, 47.00, 48.20, 15.00, 3.86, 5.90 
566, 47.00, 47.20, 8.00, 3.86, 5.90 
567, 48.00, 48.70, 8.00, 3.86, 5.90 
568, 47.00, 47.70, 15.00, 3.86, 5.90 
569, 46.00, 48.20, 15.00, 3.86, 5.90 
570, 47.00, 47.20, 9.00, 3.86, 5.90 
571, 48.00, 47.70, 15.00, 3.86, 5.90 
572, 47.00, 47.70, 15.00, 3.86, 5.90 
573, 47.00, 47.20, 15.00, 3.86, 5.90 
574, 47.00, 48.20, 15.00, 3.86, 5.90 
575, 47.00, 46.70, 15.00, 3.86, 5.90 
576, 46.00, 47.20, 7.00, 3.86, 5.90 
577, 47.00, 46.20, 15.00, 3.86, 5.90 
578, 47.00, 48.20, 15.00, 3.86, 5.90 
579, 47.00, 48.20, 15.00, 3.86, 5.90 
580, 48.00, 46.70, 15.00, 3.86, 5.90 
581, 48.00, 48.20, 15.00, 3.86, 5.90 
582, 46.00, 47.70, 15.00, 3.86, 5.90 
583, 48.00, 48.20, 7.00, 3.86, 5.90 
584, 48.00, 48.70, 15.00, 3.86, 5.90 
585, 47.00, 47.70, 15.00, 3.86, 5.90 
586, 46.00, 46.70, 15.00, 3.86, 5.90 
587, 47.00, 47.70, 15.00, 3.86, 5.90 
588, 48.00, 47.70, 15.00, 3.86, 5.90 
589, 47.00, 47.70, 15.00, 3.86, 5.90 
590, 47.00, 47.20, 15.00, 3.86, 5.90 
591, 48.00, 47.70, 15.00, 3.86, 5.90 
592, 46.00, 47.70, 15.00, 3.86, 5.90 
593, 47.00, 47.20, 10.00, 3.86, 5.90 
594, 48.00, 48.20, 15.00, 3.86, 5.90 
595, 47.00, 48.20, 15.00, 3.86, 5.90 
596, 47.00, 47.70, 15.00, 3.86, 5.90 
597, 46.00, 47.70, 15.00, 3.86, 5.90 
598, 47.00, 47.70, 15.00, 3.86, 5.90 
599, 47.00, 47.20, 15.00, 3.86, 5.90 
600, 47.00, 48.20, 7.00, 3.86, 5.90 
601, 48.00, 48.20, 15.00, 3.86, 5.90 
602, 46.00, 46.70, 7.00, 3.86, 5.90 
603, 47.00, 48.20, 15.00, 3.86, 5.90 
604, 47.00, 48.70, 15.00, 3.86, 5.90 
605, 47.00, 47.20, 15.00, 3.86, 5.90 
606, 47.00, 48.20, 10.00, 3.86, 5.90 
607, 47.00, 48.20, 15.00, 3.86, 5.90 
608, 47.00, 47.70, 15.00, 3.86, 5.90 
609, 48.00, 48.20, 15.00, 3.86, 5.90 
610, 47.00, 47.20, 8.00, 3.86, 5.90 
611, 48.00, 48.70, 15.00, 3.86, 5.90 
612, 48.00, 47.70, 15.00, 3.86, 5.90 
613, 47.00, 47.70, 15.00, 3.86, 5.90 
614, 47.00, 47.70, 15.00, 3.86, 5.90 
615, 47.00, 47.20, 15.00, 3.86, 5.90 
616, 46.00, 47.70, 7.00, 3.86, 5.90 
617, 47.00, 47.20, 15.00, 3.86, 5.90 
618, 47.00, 47.20, 15.00, 3.86, 5.90 
619, 47.00, 47.70, 15.00, 3.86, 5.90 
620, 48.00, 48.70, 15.00, 3.86, 5.90 
621, 47.00, 47.70, 15.00, 3.86, 5.90 
622, 46.00, 48.20, 15.00, 3.86, 5.90 
623, 47.00, 47.70, 15.00, 3.86, 5.90 
624, 47.00, 47.20, 15.00, 3.86, 5.90 
625, 47.00, 47.70, 6.00, 3.86, 5.90 
626, 48.00, 47.70, 15.00, 3.86, 5.90 
627, 47.00, 48.20, 15.00, 3.86, 5.90 
628, 47.00, 47.70, 15.00, 3.86, 5.90 
629, 47.00, 47.20, 7.00, 3.86, 5.90 
630, 47.00, 48.20, 15.00, 3.86, 5.90 
631, 47.00, 48.20, 15.00, 3.86, 5.90 
632, 47.00, 47.70, 7.00, 3.86, 5.90 
633, 47.00, 47.70, 15.00, 3.86, 5.90 
634, 46.00, 47.70, 15.00, 3.86, 5.90 
635, 47.00, 47.70, 15.00, 3.86, 5.90 
636, 48.00, 48.20, 15.00, 3.86, 5.90 
637, 47.00, 48.20, 10.00, 3.86, 5.90 
638, 47.00, 47.70, 15.00, 3.86, 5.90 
639, 48.00, 48.70, 15.00, 3.86, 5.90 
640, 47.00, 48.20, 6.00, 3.86, 5.90 
641, 48.00, 48.70, 15.00, 3.86, 5.90 
642, 48.00, 47.70, 9.00, 3.86, 5.90 
643, 46.00, 47.70, 15.00, 3.86, 5.90 
644, 48.00, 47.70, 10.00, 3.86, 5.90 
645, 47.00, 47.70, 15.00, 3.86, 5.90 
646, 46.00, 47.20, 15.00, 3.87, 5.90 
647, 47.00, 47.20, 7.00, 3.87, 5.90 
648, 47.00, 47.70, 15.00, 3.87, 5.90 
649, 47.00, 47.20, 15.00, 3.87, 5.90 
650, 47.00, 48.20, 15.00, 3.87, 5.90 
651, 47.00, 48.20, 15.00, 3.87, 5.90 
652, 48.00, 48.20, 15.00, 3.87, 5.90 
653, 47.00, 47.70, 15.00, 3.87, 5.90 
654, 47.00, 47.70, 15.00, 3.87, 5.90 
655, 48.00, 47.20, 6.00, 3.87, 5.90 
656, 47.00, 47.20, 15.00, 3.87, 5.90 
657, 47.00, 48.70, 6.00, 3.87, 5.90 
658, 47.00, 48.70, 15.00, 3.87, 5.90 
659, 48.00, 48.20, 15.00, 3.87, 5.90 
660, 47.00, 47.20, 15.00, 3.87, 5.90 
661, 47.00, 47.20, 15.00, 3.87, 5.90 
662, 48.00, 47.70, 15.00, 3.87, 5.90 
663, 48.00, 47.70, 8.00, 3.87, 5.90 
664, 47.00, 47.20, 7.00, 3.87, 5.90 
665, 47.00, 48.70, 7.00, 3.87, 5.90 
666, 48.00, 48.20, 15.00, 3.87, 5.90 
667, 47.00, 47.70, 15.00, 3.87, 5.90 
668, 47.00, 46.70, 15.00, 3.87, 5.90 
669, 47.00, 47.70, 15.00, 3.87, 5.90 
670, 47.00, 47.70, 15.00, 3.87, 5.90 
671, 48.00, 47.70, 9.00, 3.87, 5.90 
672, 47.00, 48.20, 8.00, 3.87, 5.90 
673, 46.00, 48.20, 15.00, 3.87, 5.90 
674, 47.00, 47.20, 15.00, 3.87, 5.90 
675, 47.00, 46.70, 15.00, 3.87, 5.90 
676, 47.00, 47.20, 15.00, 3.87, 5.90 
677, 48.00, 48.20, 15.00, 3.87, 5.90 
678, 47.00, 47.70, 15.00, 3.87, 5.90 
679, 47.00, 47.20, 7.00, 3.87, 5.90 
680, 47.00, 47.70, 15.00, 3.87, 5.90 
681, 47.00, 48.20, 15.00, 3.87, 5.90 
682, 47.00, 47.70, 15.00, 3.87, 5.90 
683, 46.00, 47.20, 10.00, 3.87, 5.90 
684, 47.00, 47.70, 15.00, 3.87, 5.90 
685, 47.00, 48.70, 15.00, 3.87, 5.90 
686, 47.00, 47.20, 15.00, 3.87, 5.90 
687, 47.00, 48.20, 9.00, 3.87, 5.90 
688, 47.00, 48.20, 15.00, 3.87, 5.90 
689, 47.00, 47.20, 15.00, 3.87, 5.90 
690, 47.00, 47.20, 15.00, 3.87, 5.90 
691, 46.00, 47.20, 15.00, 3.87, 5.90 
692, 48.00, 47.70, 15.00, 3.87, 5.90 
693, 47.00, 47.70, 15.00, 3.87, 5.90 
694, 48.00, 47.70, 9.00, 3.87, 5.90 
695, 47.00, 47.20, 15.00, 3.87, 5.90 
696, 47.00, 48.20, 15.00, 3.87, 5.90 
697, 47.00, 47.20, 15.00, 3.87, 5.90 
698, 47.00, 48.20, 7.00, 3.87, 5.90 
699, 46.00, 47.20, 15.00, 3.87, 5.90 
700, 47.00, 47.20, 10.00, 3.87, 5.90 
701, 47.00, 47.70, 8.00, 3.87, 5.90 
702, 48.00, 46.20, 15.00, 3.87, 5.90 
703, 48.00, 47.70, 15.00, 3.87, 5.90 
704, 47.00, 48.20, 15.00, 3.87, 5.90 
705, 47.00, 47.20, 15.00, 3.87, 5.90 
706, 47.00, 47.20, 7.00, 3.87, 5.90 
707, 47.00, 48.20, 15.00, 3.87, 5.90 
708, 48.00, 47.70, 15.00, 3.87, 5.90 
709, 48.00, 47.70, 15.00, 3.87, 5.90 
710, 47.00, 48.70, 15.00, 3.87, 5.90 
711, 47.00, 47.70, 15.00, 3.87, 5.90 
712, 48.00, 47.70, 15.00, 3.87, 5.90 
713, 46.00, 48.20, 15.00, 3.87, 5.90 
714, 48.00, 48.20, 15.00, 3.87, 5.90 
715, 47.00, 47.70, 10.00, 3.87, 5.90 
716, 48.00, 47.70, 15.00, 3.87, 5.90 
717, 47.00, 47.70, 15.00, 3.87, 5.90 
718, 47.00, 47.70, 6.00, 3.87, 5.90 
719, 48.00, 48.70, 15.00, 3.87, 5.90 
720, 47.00, 48.20, 7.00, 3.87, 5.90 
721, 47.00, 47.70, 15.00, 3.87, 5.90 
722, 47.00, 47.70, 15.00, 3.87, 5.90 
723, 47.00, 47.70, 15.00, 3.87, 5.90 
724, 47.00, 48.70, 8.00, 3.87, 5.90 
725, 47.00, 47.70, 15.00, 3.87, 5.90 
726, 47.00, 48.20, 15.00, 3.87, 5.90 
727, 48.00, 48.70, 15.00, 3.87, 5.90 
728, 48.00, 48.20, 15.00, 3.87, 5.90 
729, 47.00, 47.70, 7.00, 3.87, 5.90 
730, 46.00, 47.20, 15.00, 3.87, 5.90 
731, 47.00, 47.70, 15.00, 3.87, 5.90 
732, 47.00, 49.10, 7.00, 3.87, 5.90 
733, 47.00, 48.20, 15.00, 3.87, 5.90 
734, 47.00, 48.20, 8.00, 3.87, 5.90 
735, 47.00, 47.20, 15.00, 3.87, 5.90 
736, 48.00, 47.20, 15.00, 3.87, 5.90 
737, 47.00, 47.20, 15.00, 3.87, 5.90 
738, 48.00, 46.20, 6.00, 3.87, 5.90 
739, 47.00, 47.70, 15.00, 3.87, 5.90 
740, 47.00, 47.70, 7.00, 3.87, 5.90 
741, 47.00, 47.20, 15.00, 3.87, 5.90 
742, 47.00, 47.70, 15.00, 3.87, 5.90 
743, 47.00, 48.20, 15.00, 3.87, 5.90 
744, 48.00, 47.70, 15.00, 3.87, 5.90 
745, 47.00, 48.20, 8.00, 3.87, 5.90 
746, 47.00, 47.20, 15.00, 3.87, 5.90 
747, 47.00, 48.70, 15.00, 3.87, 5.90 
748, 47.00, 47.70, 15.00, 3.87, 5.90 
749, 48.00, 48.70, 15.00, 3.87, 5.90 
750, 47.00, 48.20, 15.00, 3.87, 5.90 
751, 48.00, 48.70, 7.00, 3.87, 5.90 
752, 46.00, 46.20, 15.00, 3.87, 5.90 
753, 47.00, 47.20, 15.00, 3.87, 5.90 
754, 47.00, 46.70, 7.00, 3.87, 5.90 
755, 46.00, 47.70, 15.00, 3.87, 5.90 
756, 48.00, 48.70, 7.00, 3.87, 5.90 
757, 47.00, 47.70, 15.00, 3.87, 5.90 
758, 48.00, 48.70, 15.00, 3.87, 5.90 
759, 47.00, 47.70, 7.00, 3.87, 5.90 
760, 47.00, 48.20, 8.00, 3.87, 5.90 
761, 47.00, 48.20, 15.00, 3.87, 5.90 
762, 47.00, 47.70, 15.00, 3.87, 5.90 
763, 47.00, 48.20, 6.00, 3.87, 5.90 
764, 47.00, 48.20, 15.00, 3.87, 5.90 
765, 47.00, 47.70, 10.00, 3.87, 5.90 
766, 47.00, 47.20, 15.00, 3.87, 5.90 
767, 48.00, 47.70, 15.00, 3.87, 5.90 
768, 47.00, 48.20, 7.00, 3.87, 5.90 
769, 48.00, 47.70, 15.00, 3.87, 5.90 
770, 47.00, 47.20, 15.00, 3.87, 5.90 
771, 48.00, 48.20, 7.00, 3.87, 5.90 
772, 47.00, 48.20, 15.00, 3.87, 5.90 
773, 47.00, 48.20, 15.00, 3.87, 5.90 
774, 48.00, 47.70, 15.00, 3.87, 5.90 
775, 47.00, 47.70, 7.00, 3.87, 5.90 
776, 47.00, 48.20, 15.00, 3.87, 5.90 
777, 47.00, 47.70, 15.00, 3.87, 5.90 
778, 47.00, 47.20, 15.00, 3.87, 5.90 
779, 46.00, 48.20, 15.00, 3.87, 5.90 
780, 47.00, 47.70, 15.00, 3.87, 5.90 
781, 47.00, 48.70, 15.00, 3.87, 5.90 
782, 47.00, 47.20, 15.00, 3.87, 5.90 
783, 47.00, 47.20, 15.00, 3.87, 5.90 
784, 48.00, 48.20, 10.00, 3.87, 5.90 
785, 47.00, 47.70, 15.00, 3.87, 5.90 
786, 47.00, 48.20, 6.00, 3.87, 5.90 
787, 48.00, 48.20, 10.00, 3.87, 5.90 
788, 47.00, 47.70, 15.00, 3.87, 5.90 
789, 47.00, 47.70, 15.00, 3.87, 5.90 
790, 48.00, 47.20, 15.00, 3.87, 5.90 
791, 47.00, 47.70, 7.00, 3.87, 5.90 
792, 48.00, 47.70, 15.00, 3.87, 5.90 
793, 48.00, 48.70, 7.00, 3.87, 5.90 
794, 48.00, 48.20, 15.00, 3.87, 5.90 
795, 47.00, 48.70, 15.00, 3.87, 5.90 
796, 48.00, 48.70, 7.00, 3.87, 5.90 
797, 48.00, 47.70, 15.00, 3.87, 5.90 
798, 47.00, 48.20, 15.00, 3.87, 5.90 
799, 48.00, 48.20, 8.00, 3.87, 5.90 
800, 47.00, 47.70, 15.00, 3.87, 5.90 
801, 47.00, 48.70, 15.00, 3.87, 5.90 
802, 47.00, 48.20, 15.00, 3.87, 5.90 
803, 47.00, 48.70, 15.00, 3.87, 5.90 
804, 46.00, 48.70, 15.00, 3.87, 5.90 
805, 48.00, 48.20, 7.00, 3.87, 5.90 
806, 48.00, 48.70, 15.00, 3.87, 5.90 
807, 48.00, 47.70, 7.00, 3.87, 5.90 
808, 46.00, 48.70, 15.00, 3.87, 5.90 
809, 48.00, 47.70, 8.00, 3.87, 5.90 
810, 48.00, 48.70, 15.00, 3.87, 5.90 
811, 48.00, 47.70, 7.00, 3.87, 5.90 
812, 47.00, 48.20, 15.00, 3.87, 5.90 
813, 47.00, 47.20, 15.00, 3.87, 5.90 
814, 47.00, 47.20, 6.00, 3.87, 5.90 
815, 47.00, 47.70, 15.00, 3.87, 5.90 
816, 47.00, 47.70, 15.00, 3.87, 5.90 
817, 47.00, 47.20, 15.00, 3.87, 5.90 
818, 47.00, 47.70, 15.00, 3.87, 5.90 
819, 48.00, 48.20, 15.00, 3.87, 5.90 
820, 48.00, 47.70, 8.00, 3.87, 5.90 
821, 47.00, 47.70, 15.00, 3.87, 5.90 
822, 47.00, 47.20, 7.00, 3.87, 5.90 
823, 46.00, 47.70, 15.00, 3.87, 5.90 
824, 47.00, 47.70, 15.00, 3.87, 5.90 
825, 47.00, 48.70, 15.00, 3.87, 5.90 
826, 47.00, 47.20, 15.00, 3.87, 5.90 
827, 47.00, 48.20, 8.00, 3.87, 5.90 
828, 47.00, 47.20, 15.00, 3.87, 5.90 
829, 47.00, 48.20, 15.00, 3.87, 5.90 
830, 47.00, 47.70, 15.00, 3.87, 5.90 
831, 48.00, 47.70, 15.00, 3.87, 5.90 
832, 48.00, 48.70, 10.00, 3.87, 5.90 
833, 47.00, 47.70, 15.00, 3.87, 5.90 
834, 48.00, 47.20, 15.00, 3.87, 5.90 
835, 47.00, 48.70, 15.00, 3.87, 5.90 
836, 48.00, 47.70, 9.00, 3.87, 5.90 
837, 48.00, 48.20, 15.00, 3.87, 5.90 
838, 47.00, 47.70, 7.00, 3.87, 5.90 
839, 47.00, 47.70, 7.00, 3.87, 5.90 
840, 47.00, 47.20, 15.00, 3.87, 5.90 
841, 48.00, 47.70, 15.00, 3.87, 5.90 
842, 48.00, 47.70, 7.00, 3.87, 5.90 
843, 47.00, 47.20, 15.00, 3.87, 5.90 
844, 48.00, 48.70, 15.00, 3.87, 5.90 
845, 47.00, 47.70, 15.00, 3.87, 5.90 
846, 48.00, 48.20, 15.00, 3.87, 5.90 
847, 47.00, 47.70, 8.00, 3.87, 5.90 
848, 47.00, 48.70, 15.00, 3.87, 5.90 
849, 48.00, 48.20, 15.00, 3.87, 5.90 
850, 48.00, 47.70, 7.00, 3.87, 5.90 
851, 47.00, 48.20, 15.00, 3.87, 5.90 
852, 47.00, 48.20, 15.00, 3.87, 5.90 
853, 47.00, 48.20, 9.00, 3.87, 5.90 
854, 48.00, 47.70, 15.00, 3.87, 5.90 
855, 47.00, 48.20, 15.00, 3.87, 5.90 
856, 47.00, 48.20, 9.00, 3.87, 5.90 
857, 48.00, 47.20, 7.00, 3.87, 5.90 
858, 47.00, 47.70, 15.00, 3.87, 5.90 
859, 47.00, 47.70, 15.00, 3.87, 5.90 
860, 46.00, 47.20, 15.00, 3.87, 5.90 
861, 47.00, 47.70, 15.00, 3.87, 5.90 
862, 47.00, 48.70, 15.00, 3.87, 5.90 
863, 47.00, 46.70, 15.00, 3.87, 5.90 
864, 48.00, 47.70, 7.00, 3.87, 5.90 
865, 47.00, 47.70, 15.00, 3.87, 5.90 
866, 47.00, 46.70, 15.00, 3.87, 5.90 
867, 47.00, 47.20, 7.00, 3.87, 5.90 
868, 47.00, 47.20, 15.00, 3.87, 5.90 
869, 48.00, 48.20, 15.00, 3.87, 5.90 
870, 47.00, 47.70, 15.00, 3.87, 5.90 
871, 47.00, 47.20, 15.00, 3.87, 5.90 
872, 47.00, 48.20, 15.00, 3.87, 5.90 
873, 48.00, 48.20, 15.00, 3.87, 5.90 
874, 48.00, 48.20, 9.00, 3.87, 5.90 
875, 47.00, 48.70, 15.00, 3.87, 5.90 
876, 48.00, 47.70, 8.00, 3.87, 5.90 
877, 47.00, 47.70, 15.00, 3.87, 5.90 
878, 47.00, 48.20, 15.00, 3.87, 5.90 
879, 48.00, 47.70, 15.00, 3.87, 5.90 
880, 47.00, 47.70, 15.00, 3.87, 5.90 
881, 47.00, 47.70, 15.00, 3.87, 5.90 
882, 47.00, 47.70, 7.00, 3.87, 5.90 
883, 48.00, 47.70, 15.00, 3.87, 5.90 
884, 47.00, 47.20, 10.00, 3.87, 5.90 
885, 47.00, 47.70, 15.00, 3.87, 5.90 
886, 47.00, 47.70, 7.00, 3.87, 5.90 
887, 47.00, 47.70, 15.00, 3.87, 5.90 
888, 48.00, 48.20, 15.00, 3.87, 5.90 
889, 47.00, 48.70, 15.00, 3.87, 5.90 
890, 48.00, 47.70, 15.00, 3.87, 5.90 
891, 47.00, 48.20, 7.00, 3.87, 5.90 
892, 48.00, 48.20, 15.00, 3.87, 5.90 
893, 48.00, 48.20, 15.00, 3.87, 5.90 
894, 48.00, 47.70, 9.00, 3.87, 5.90 
895, 47.00, 48.20, 15.00, 3.87, 5.90 
896, 47.00, 48.20, 7.00, 3.87, 5.90 
897, 48.00, 47.70, 15.00, 3.87, 5.90 
898, 48.00, 47.70, 7.00, 3.87, 5.90 
899, 47.00, 48.20, 15.00, 3.87, 5.90 
900, 47.00, 48.20, 15.00, 3.87, 5.90 
901, 47.00, 47.70, 7.00, 3.87, 5.90 
902, 47.00, 47.70, 15.00, 3.87, 5.90 
903, 47.00, 48.20, 7.00, 3.87, 5.90 
904, 48.00, 47.70, 15.00, 3.87, 5.90 
905, 48.00, 48.20, 10.00, 3.87, 5.90 
906, 46.00, 47.70, 15.00, 3.87, 5.90 
907, 48.00, 48.20, 15.00, 3.87, 5.90 
908, 48.00, 48.20, 15.00, 3.87, 5.90 
909, 47.00, 48.20, 15.00, 3.87, 5.90 
910, 47.00, 47.70, 15.00, 3.87, 5.90 
911, 48.00, 48.70, 15.00, 3.87, 5.90 
912, 48.00, 47.70, 7.00, 3.87, 5.90 
913, 47.00, 47.70, 15.00, 3.87, 5.90 
914, 47.00, 47.20, 15.00, 3.87, 5.90 
915, 48.00, 48.20, 15.00, 3.87, 5.90 
916, 48.00, 48.20, 15.00, 3.87, 5.90 
917, 47.00, 48.20, 7.00, 3.87, 5.90 
918, 46.00, 47.70, 15.00, 3.87, 5.90 
919, 48.00, 47.20, 15.00, 3.87, 5.90 
920, 48.00, 48.70, 15.00, 3.87, 5.90 
921, 48.00, 47.70, 15.00, 3.87, 5.90 
922, 48.00, 48.20, 15.00, 3.87, 5.90 
923, 48.00, 47.70, 9.00, 3.87, 5.90 
924, 47.00, 47.20, 15.00, 3.87, 5.90 
925, 46.00, 48.20, 15.00, 3.87, 5.90 
926, 47.00, 49.10, 15.00, 3.87, 5.90 
927, 48.00, 48.70, 15.00, 3.87, 5.90 
928, 47.00, 48.70, 6.00, 3.87, 5.90 
929, 48.00, 48.20, 15.00, 3.87, 5.90 
930, 47.00, 47.20, 15.00, 3.87, 5.90 
931, 46.00, 47.70, 15.00, 3.87, 5.90 
932, 47.00, 47.20, 15.00, 3.87, 5.90 
933, 47.00, 47.20, 15.00, 3.87, 5.90 
934, 47.00, 48.20, 7.00, 3.87, 5.90 
935, 47.00, 47.70, 15.00, 3.87, 5.90 
936, 48.00, 48.20, 15.00, 3.87, 5.90 
937, 47.00, 48.20, 15.00, 3.87, 5.90 
938, 47.00, 47.20, 15.00, 3.87, 5.90 
939, 47.00, 47.70, 15.00, 3.87, 5.90 
940, 48.00, 47.70, 7.00, 3.87, 5.90 
941, 48.00, 48.20, 15.00, 3.87, 5.90 
942, 48.00, 47.70, 7.00, 3.87, 5.90 
943, 47.00, 48.20, 7.00, 3.87, 5.90 
944, 48.00, 48.20, 15.00, 3.87, 5.90 
945, 47.00, 47.20, 15.00, 3.87, 5.90 
946, 47.00, 48.70, 8.00, 3.87, 5.90 
947, 47.00, 47.70, 15.00, 3.87, 5.90 
948, 48.00, 47.70, 15.00, 3.87, 5.90 
949, 47.00, 47.70, 15.00, 3.87, 5.90 
950, 48.00, 48.70, 15.00, 3.87, 5.90 
951, 48.00, 48.20, 15.00, 3.87, 5.90 
952, 47.00, 47.70, 15.00, 3.87, 5.90 
953, 47.00, 48.20, 15.00, 3.87, 5.90 
954, 47.00, 49.10, 15.00, 3.87, 5.90 
955, 47.00, 47.70, 7.00, 3.87, 5.90 
956, 48.00, 48.20, 15.00, 3.87, 5.90 
957, 47.00, 47.70, 15.00, 3.87, 5.90 
958, 46.00, 47.70, 15.00, 3.87, 5.90 
959, 47.00, 47.70, 15.00, 3.87, 5.90 
960, 48.00, 48.20, 15.00, 3.87, 5.90 
961, 48.00, 47.70, 15.00, 3.87, 5.90 
962, 47.00, 48.20, 8.00, 3.87, 5.90 
963, 47.00, 48.20, 15.00, 3.87, 5.90 
964, 48.00, 48.20, 15.00, 3.87, 5.90 
965, 48.00, 47.70, 7.00, 3.87, 5.90 
966, 47.00, 47.70, 15.00, 3.87, 5.90 
967, 47.00, 48.20, 15.00, 3.87, 5.90 
968, 47.00, 48.20, 15.00, 3.87, 5.90 
969, 48.00, 48.70, 15.00, 3.87, 5.90 
970, 47.00, 47.70, 15.00, 3.87, 5.90 
971, 48.00, 48.20, 7.00, 3.87, 5.90 
972, 47.00, 47.70, 15.00, 3.87, 5.90 
973, 48.00, 48.20, 15.00, 3.87, 5.90 
974, 47.00, 47.20, 15.00, 3.87, 5.90 
975, 47.00, 47.70, 15.00, 3.87, 5.90 
976, 48.00, 48.20, 7.00, 3.87, 5.90 
977, 48.00, 48.20, 15.00, 3.87, 5.90 
978, 48.00, 48.70, 15.00, 3.87, 5.90 
979, 48.00, 47.20, 10.00, 3.87, 5.90 
980, 47.00, 48.20, 15.00, 3.87, 5.90 
981, 48.00, 48.20, 15.00, 3.87, 5.90 
982, 47.00, 47.70, 15.00, 3.87, 5.90 
983, 47.00, 47.70, 15.00, 3.87, 5.90 
984, 47.00, 48.20, 15.00, 3.87, 5.90 
985, 48.00, 48.70, 15.00, 3.87, 5.90 
986, 48.00, 48.20, 15.00, 3.87, 5.90 
987, 47.00, 47.70, 7.00, 3.87, 5.90 
988, 47.00, 48.20, 9.00, 3.87, 5.90 
989, 47.00, 47.20, 15.00, 3.87, 5.90 
990, 48.00, 47.70, 15.00, 3.87, 5.90 
991, 47.00, 48.70, 7.00, 3.87, 5.90 
992, 48.00, 48.20, 15.00, 3.87, 5.90 
993, 48.00, 48.20, 15.00, 3.87, 5.90 
994, 47.00, 47.70, 8.00, 3.87, 5.90 
995, 47.00, 47.70, 15.00, 3.87, 5.90 
996, 46.00, 47.70, 15.00, 3.87, 5.90 
997, 47.00, 48.20, 15.00, 3.87, 5.90 
998, 47.00, 47.70, 15.00, 3.87, 5.90 
999, 47.00, 47.70, 15.00, 3.87, 5.90 
1000, 47.00, 48.20, 15.00, 3.87, 5.90 
1001, 47.00, 48.20, 7.00, 3.87, 5.90 
1002, 48.00, 49.10, 15.00, 3.87, 5.90 
1003, 47.00, 48.20, 6.00, 3.87, 5.90 
1004, 48.00, 48.20, 15.00, 3.87, 5.90 
1005, 47.00, 47.70, 15.00, 3.87, 5.90 
1006, 47.00, 47.20, 15.00, 3.87, 5.90 
1007, 47.00, 48.20, 7.00, 3.87, 5.90 
1008, 47.00, 47.20, 7.00, 3.87, 5.90 
1009, 48.00, 49.10, 15.00, 3.87, 5.90 
1010, 47.00, 47.70, 15.00, 3.87, 5.90 
1011, 47.00, 47.70, 8.00, 3.88, 5.90 
1012, 47.00, 48.20, 15.00, 3.88, 5.90 
1013, 48.00, 48.70, 15.00, 3.88, 5.90 
1014, 48.00, 48.20, 15.00, 3.88, 5.90 
1015, 47.00, 48.70, 15.00, 3.88, 5.90 
1016, 48.00, 46.70, 15.00, 3.88, 5.90 
1017, 47.00, 48.70, 9.00, 3.88, 5.90 
1018, 48.00, 47.70, 15.00, 3.88, 5.90 
1019, 47.00, 47.70, 15.00, 3.88, 5.90 
1020, 48.00, 48.20, 15.00, 3.88, 5.90 
1021, 47.00, 47.70, 15.00, 3.88, 5.90 
1022, 48.00, 48.20, 15.00, 3.88, 5.90 
1023, 47.00, 47.70, 9.00, 3.88, 5.90 
1024, 47.00, 48.20, 15.00, 3.88, 5.90 
1025, 48.00, 48.70, 7.00, 3.88, 5.90 
1026, 47.00, 48.70, 15.00, 3.88, 5.90 
1027, 48.00, 47.70, 9.00, 3.88, 5.90 
1028, 47.00, 48.20, 15.00, 3.88, 5.90 
1029, 48.00, 47.70, 15.00, 3.88, 5.90 
1030, 48.00, 49.10, 15.00, 3.88, 5.90 
1031, 48.00, 47.70, 15.00, 3.88, 5.90 
1032, 48.00, 47.20, 15.00, 3.88, 5.90 
1033, 47.00, 47.70, 15.00, 3.88, 5.90 
1034, 48.00, 48.20, 15.00, 3.88, 5.90 
1035, 47.00, 48.70, 7.00, 3.88, 5.90 
1036, 48.00, 48.20, 15.00, 3.88, 5.90 
1037, 47.00, 48.70, 15.00, 3.88, 5.90 
1038, 47.00, 47.70, 15.00, 3.88, 5.90 
1039, 47.00, 47.20, 15.00, 3.88, 5.90 
1040, 48.00, 47.70, 6.00, 3.88, 5.90 
1041, 48.00, 47.20, 15.00, 3.88, 5.90 
1042, 48.00, 47.20, 15.00, 3.88, 5.90 
1043, 48.00, 48.20, 15.00, 3.88, 5.90 
1044, 48.00, 49.10, 7.00, 3.88, 5.90 
1045, 47.00, 48.20, 15.00, 3.88, 5.90 
1046, 47.00, 47.20, 15.00, 3.88, 5.90 
1047, 48.00, 47.70, 10.00, 3.88, 5.90 
1048, 47.00, 47.70, 15.00, 3.88, 5.90 
1049, 47.00, 48.70, 15.00, 3.88, 5.90 
1050, 48.00, 48.20, 15.00, 3.88, 5.90 
1051, 48.00, 48.20, 9.00, 3.88, 5.90 
1052, 48.00, 47.70, 15.00, 3.88, 5.90 
1053, 48.00, 48.20, 15.00, 3.88, 5.90 
1054, 48.00, 48.20, 7.00, 3.88, 5.90 
1055, 47.00, 47.70, 15.00, 3.88, 5.90 
1056, 48.00, 47.70, 15.00, 3.88, 5.90 
1057, 48.00, 48.20, 15.00, 3.88, 5.90 
1058, 47.00, 47.70, 15.00, 3.88, 5.90 
1059, 48.00, 48.20, 15.00, 3.88, 5.90 
1060, 48.00, 48.70, 15.00, 3.88, 5.90 
1061, 47.00, 46.70, 15.00, 3.88, 5.90 
1062, 48.00, 48.20, 10.00, 3.88, 5.90 
1063, 47.00, 47.70, 15.00, 3.88, 5.90 
1064, 48.00, 48.20, 15.00, 3.88, 5.90 
1065, 48.00, 48.20, 15.00, 3.88, 5.90 
1066, 47.00, 48.70, 15.00, 3.88, 5.90 
1067, 47.00, 47.70, 15.00, 3.88, 5.90 
1068, 47.00, 47.70, 15.00, 3.88, 5.90 
1069, 47.00, 48.20, 15.00, 3.88, 5.90 
1070, 47.00, 47.20, 15.00, 3.88, 5.90 
1071, 48.00, 47.70, 7.00, 3.88, 5.90 
1072, 47.00, 48.20, 15.00, 3.88, 5.90 
1073, 49.00, 47.70, 15.00, 3.88, 5.90 
1074, 47.00, 48.20, 15.00, 3.88, 5.90 
1075, 47.00, 47.70, 15.00, 3.88, 5.90 
1076, 47.00, 47.70, 15.00, 3.88, 5.90 
1077, 48.00, 47.70, 15.00, 3.88, 5.90 
1078, 47.00, 47.20, 15.00, 3.88, 5.90 
1079, 47.00, 48.70, 10.00, 3.88, 5.90 
1080, 47.00, 47.70, 15.00, 3.88, 5.90 
1081, 49.00, 47.70, 15.00, 3.88, 5.90 
1082, 47.00, 47.70, 15.00, 3.88, 5.90 
1083, 48.00, 46.70, 15.00, 3.88, 5.90 
1084, 47.00, 48.20, 10.00, 3.88, 5.90 
1085, 47.00, 47.70, 15.00, 3.88, 5.90 
1086, 48.00, 47.70, 7.00, 3.88, 5.90 
1087, 47.00, 49.10, 9.00, 3.88, 5.90 
1088, 48.00, 48.20, 15.00, 3.88, 5.90 
1089, 48.00, 48.20, 15.00, 3.88, 5.90 
1090, 46.00, 46.70, 15.00, 3.88, 5.90 
1091, 47.00, 47.70, 8.00, 3.88, 5.90 
1092, 48.00, 48.20, 15.00, 3.88, 5.90 
1093, 48.00, 48.20, 15.00, 3.88, 5.90 
1094, 48.00, 48.20, 15.00, 3.88, 5.90 
1095, 48.00, 48.20, 10.00, 3.88, 5.90 
1096, 48.00, 47.70, 15.00, 3.88, 5.90 
1097, 48.00, 47.70, 8.00, 3.88, 5.90 
1098, 47.00, 48.20, 15.00, 3.88, 5.90 
1099, 48.00, 48.70, 15.00, 3.88, 5.90 
1100, 48.00, 48.20, 15.00, 3.88, 5.90 
1101, 47.00, 48.70, 7.00, 3.88, 5.90 
1102, 48.00, 49.10, 15.00, 3.88, 5.90 
1103, 48.00, 48.20, 15.00, 3.88, 5.90 
1104, 47.00, 47.70, 15.00, 3.88, 5.90 
1105, 49.00, 49.10, 15.00, 3.88, 5.90 
1106, 47.00, 48.20, 15.00, 3.88, 5.90 
1107, 48.00, 48.20, 7.00, 3.88, 5.90 
1108, 48.00, 47.20, 15.00, 3.88, 5.90 
1109, 47.00, 48.70, 15.00, 3.88, 5.90 
1110, 48.00, 47.70, 15.00, 3.88, 5.90 
1111, 48.00, 47.70, 15.00, 3.88, 5.90 
1112, 47.00, 46.70, 15.00, 3.88, 5.90 
1113, 47.00, 47.70, 15.00, 3.88, 5.90 
1114, 48.00, 47.70, 10.00, 3.88, 5.90 
1115, 47.00, 48.20, 10.00, 3.88, 5.90 
1116, 46.00, 48.20, 15.00, 3.88, 5.90 
1117, 47.00, 47.20, 15.00, 3.88, 5.90 
1118, 47.00, 47.20, 7.00, 3.88, 5.90 
1119, 48.00, 47.70, 15.00, 3.88, 5.90 
1120, 46.00, 48.20, 15.00, 3.88, 5.90 
1121, 47.00, 48.70, 15.00, 3.88, 5.90 
1122, 48.00, 48.20, 15.00, 3.88, 5.90 
1123, 48.00, 48.70, 7.00, 3.88, 5.90 
1124, 47.00, 48.70, 15.00, 3.88, 5.90 
1125, 47.00, 47.20, 15.00, 3.88, 5.90 
1126, 48.00, 48.70, 8.00, 3.88, 5.90 
1127, 48.00, 47.70, 8.00, 3.88, 5.90 
1128, 48.00, 47.20, 15.00, 3.88, 5.90 
1129, 47.00, 48.20, 7.00, 3.88, 5.90 
1130, 47.00, 47.70, 15.00, 3.88, 5.90 
1131, 48.00, 48.20, 15.00, 3.88, 5.90 
1132, 47.00, 48.70, 15.00, 3.88, 5.90 
1133, 47.00, 47.20, 15.00, 3.88, 5.90 
1134, 47.00, 47.20, 15.00, 3.88, 5.90 
1135, 47.00, 48.20, 10.00, 3.88, 5.90 
1136, 47.00, 47.70, 15.00, 3.88, 5.90 
1137, 48.00, 48.70, 15.00, 3.88, 5.90 
1138, 47.00, 47.20, 15.00, 3.88, 5.90 
1139, 47.00, 47.70, 15.00, 3.88, 5.90 
1140, 48.00, 47.70, 15.00, 3.88, 5.90 
1141, 48.00, 47.20, 8.00, 3.88, 5.90 
1142, 47.00, 47.70, 15.00, 3.88, 5.90 
1143, 48.00, 48.20, 15.00, 3.88, 5.90 
1144, 47.00, 48.20, 7.00, 3.88, 5.90 
1145, 47.00, 47.20, 15.00, 3.88, 5.90 
1146, 47.00, 48.70, 15.00, 3.88, 5.90 
1147, 46.00, 48.70, 15.00, 3.88, 5.90 
1148, 47.00, 47.70, 9.00, 3.88, 5.90 
1149, 47.00, 48.70, 15.00, 3.88, 5.90 
1150, 47.00, 48.20, 15.00, 3.88, 5.90 
1151, 48.00, 48.20, 7.00, 3.88, 5.90 
1152, 48.00, 47.70, 15.00, 3.88, 5.90 
1153, 48.00, 48.20, 15.00, 3.88, 5.90 
1154, 48.00, 48.20, 15.00, 3.88, 5.90 
1155, 47.00, 47.70, 15.00, 3.88, 5.90 
1156, 48.00, 48.20, 8.00, 3.88, 5.90 
1157, 47.00, 48.20, 15.00, 3.88, 5.90 
1158, 48.00, 48.70, 15.00, 3.88, 5.90 
1159, 47.00, 47.70, 7.00, 3.88, 5.90 
1160, 48.00, 48.70, 7.00, 3.88, 5.90 
1161, 47.00, 47.70, 15.00, 3.88, 5.90 
1162, 47.00, 47.70, 7.00, 3.88, 5.90 
1163, 47.00, 48.20, 15.00, 3.88, 5.90 
1164, 47.00, 48.20, 15.00, 3.88, 5.90 
1165, 47.00, 48.70, 15.00, 3.88, 5.90 
1166, 48.00, 48.70, 7.00, 3.88, 5.90 
1167, 47.00, 47.70, 9.00, 3.88, 5.90 
1168, 46.00, 48.70, 15.00, 3.88, 5.90 
1169, 47.00, 49.10, 15.00, 3.88, 5.90 
1170, 48.00, 48.20, 7.00, 3.88, 5.90 
1171, 48.00, 47.70, 15.00, 3.88, 5.90 
1172, 47.00, 47.20, 15.00, 3.88, 5.90 
1173, 47.00, 48.70, 15.00, 3.88, 5.90 
1174, 47.00, 47.20, 15.00, 3.88, 5.90 
1175, 47.00, 47.70, 15.00, 3.88, 5.90 
1176, 48.00, 47.70, 15.00, 3.88, 5.90 
1177, 47.00, 48.20, 15.00, 3.88, 5.90 
1178, 47.00, 48.20, 7.00, 3.88, 5.90 
1179, 47.00, 48.20, 10.00, 3.88, 5.90 
1180, 48.00, 48.70, 15.00, 3.88, 5.90 
1181, 48.00, 47.70, 15.00, 3.88, 5.90 
1182, 48.00, 48.70, 7.00, 3.88, 5.90 
1183, 48.00, 48.70, 15.00, 3.88, 5.90 
1184, 48.00, 48.70, 15.00, 3.88, 5.90 
1185, 47.00, 47.20, 9.00, 3.88, 5.90 
1186, 48.00, 48.20, 9.00, 3.88, 5.90 
1187, 48.00, 48.20, 15.00, 3.88, 5.90 
1188, 48.00, 48.20, 15.00, 3.88, 5.90 
1189, 47.00, 47.20, 15.00, 3.88, 5.90 
1190, 47.00, 47.70, 7.00, 3.88, 5.90 
1191, 47.00, 48.20, 15.00, 3.88, 5.90 
1192, 47.00, 47.20, 15.00, 3.88, 5.90 
1193, 47.00, 48.20, 7.00, 3.88, 5.90 
1194, 48.00, 47.20, 9.00, 3.88, 5.90 
1195, 48.00, 48.20, 15.00, 3.88, 5.90 
1196, 48.00, 48.70, 15.00, 3.88, 5.90 
1197, 47.00, 48.20, 7.00, 3.88, 5.90 
1198, 48.00, 47.70, 15.00, 3.88, 5.90 
1199, 47.00, 47.20, 15.00, 3.88, 5.90 
1200, 47.00, 48.70, 15.00, 3.88, 5.90 
1201, 48.00, 48.20, 7.00, 3.88, 5.90 
1202, 47.00, 48.20, 15.00, 3.88, 5.90 
1203, 48.00, 48.70, 15.00, 3.88, 5.90 
1204, 47.00, 47.70, 15.00, 3.88, 5.90 
1205, 49.00, 48.70, 15.00, 3.88, 5.90 
1206, 47.00, 48.70, 15.00, 3.88, 5.90 
1207, 48.00, 48.20, 15.00, 3.88, 5.90 
1208, 48.00, 48.70, 15.00, 3.88, 5.90 
1209, 48.00, 48.20, 15.00, 3.88, 5.90 
1210, 47.00, 47.70, 8.00, 3.88, 5.90 
1211, 48.00, 48.20, 15.00, 3.88, 5.90 
1212, 47.00, 47.70, 15.00, 3.88, 5.90 
1213, 46.00, 46.70, 15.00, 3.88, 5.90 
1214, 48.00, 48.20, 15.00, 3.88, 5.90 
1215, 48.00, 48.70, 7.00, 3.88, 5.90 
1216, 47.00, 47.70, 15.00, 3.88, 5.90 
1217, 48.00, 48.70, 15.00, 3.88, 5.90 
1218, 48.00, 47.70, 8.00, 3.88, 5.90 
1219, 48.00, 48.20, 15.00, 3.88, 5.90 
1220, 47.00, 48.20, 15.00, 3.88, 5.90 
1221, 48.00, 48.20, 15.00, 3.88, 5.90 
1222, 48.00, 47.70, 15.00, 3.88, 5.90 
1223, 49.00, 47.20, 15.00, 3.88, 5.90 
1224, 48.00, 47.70, 15.00, 3.88, 5.90 
1225, 47.00, 47.20, 15.00, 3.88, 5.90 
1226, 47.00, 47.70, 7.00, 3.88, 5.90 
1227, 48.00, 47.70, 15.00, 3.88, 5.90 
1228, 48.00, 47.20, 15.00, 3.88, 5.90 
1229, 48.00, 47.20, 15.00, 3.88, 5.90 
1230, 47.00, 47.70, 15.00, 3.88, 5.90 
1231, 47.00, 48.20, 7.00, 3.88, 5.90 
1232, 46.00, 47.70, 15.00, 3.88, 5.90 
1233, 47.00, 47.70, 15.00, 3.88, 5.90 
1234, 47.00, 48.20, 15.00, 3.88, 5.90 
1235, 47.00, 48.70, 15.00, 3.88, 5.90 
1236, 48.00, 47.70, 15.00, 3.88, 5.90 
1237, 47.00, 47.70, 15.00, 3.88, 5.90 
1238, 47.00, 47.70, 15.00, 3.88, 5.90 
1239, 47.00, 47.70, 15.00, 3.88, 5.90 
1240, 48.00, 49.10, 15.00, 3.88, 5.90 
1241, 47.00, 47.70, 15.00, 3.88, 5.90 
1242, 47.00, 47.70, 15.00, 3.88, 5.90 
1243, 48.00, 48.20, 15.00, 3.88, 5.90 
1244, 47.00, 49.10, 9.00, 3.88, 5.90 
1245, 48.00, 48.20, 15.00, 3.88, 5.90 
1246, 48.00, 47.70, 15.00, 3.88, 5.90 
1247, 47.00, 47.70, 15.00, 3.88, 5.90 
1248, 46.00, 48.20, 15.00, 3.88, 5.90 
1249, 48.00, 48.20, 9.00, 3.88, 5.90 
1250, 47.00, 47.70, 15.00, 3.88, 5.90 
1251, 48.00, 48.20, 7.00, 3.88, 5.90 
1252, 48.00, 48.20, 15.00, 3.88, 5.90 
1253, 48.00, 48.20, 15.00, 3.88, 5.90 
1254, 47.00, 48.20, 15.00, 3.88, 5.90 
1255, 47.00, 47.70, 15.00, 3.88, 5.90 
1256, 47.00, 48.20, 7.00, 3.88, 5.90 
1257, 48.00, 47.70, 15.00, 3.88, 5.90 
1258, 47.00, 48.70, 15.00, 3.88, 5.90 
1259, 47.00, 48.20, 15.00, 3.88, 5.90 
1260, 48.00, 48.70, 15.00, 3.88, 5.90 
1261, 47.00, 48.70, 15.00, 3.88, 5.90 
1262, 47.00, 48.70, 15.00, 3.88, 5.90 
1263, 47.00, 48.70, 15.00, 3.88, 5.90 
1264, 47.00, 48.70, 15.00, 3.88, 5.90 
1265, 47.00, 47.70, 15.00, 3.88, 5.90 
1266, 48.00, 47.70, 15.00, 3.88, 5.90 
1267, 48.00, 48.20, 9.00, 3.88, 5.90 
1268, 47.00, 47.70, 15.00, 3.88, 5.90 
1269, 48.00, 47.70, 15.00, 3.88, 5.90 
1270, 47.00, 48.70, 10.00, 3.88, 5.90 
1271, 48.00, 47.20, 15.00, 3.88, 5.90 
1272, 47.00, 49.10, 7.00, 3.88, 5.90 
1273, 48.00, 47.70, 15.00, 3.88, 5.90 
1274, 48.00, 46.70, 15.00, 3.88, 5.90 
1275, 48.00, 47.70, 15.00, 3.88, 5.90 
1276, 49.00, 49.10, 15.00, 3.88, 5.90 
1277, 48.00, 47.70, 8.00, 3.88, 5.90 
1278, 49.00, 49.10, 6.00, 3.88, 5.90 
1279, 47.00, 48.20, 9.00, 3.88, 5.90 
1280, 48.00, 48.20, 15.00, 3.88, 5.90 
1281, 48.00, 48.20, 15.00, 3.88, 5.90 
1282, 47.00, 47.70, 15.00, 3.88, 5.80 
1283, 48.00, 48.20, 15.00, 3.88, 5.90 
1284, 47.00, 47.70, 10.00, 3.88, 5.90 
1285, 47.00, 47.70, 15.00, 3.88, 5.90 
1286, 47.00, 47.20, 7.00, 3.88, 5.90 
1287, 48.00, 48.70, 15.00, 3.88, 5.90 
1288, 47.00, 47.70, 15.00, 3.88, 5.90 
1289, 48.00, 48.70, 15.00, 3.88, 5.90 
1290, 48.00, 48.20, 15.00, 3.88, 5.90 
1291, 47.00, 46.70, 8.00, 3.88, 5.90 
1292, 49.00, 47.70, 15.00, 3.88, 5.90 
1293, 48.00, 47.70, 15.00, 3.88, 5.90 
1294, 46.00, 47.70, 10.00, 3.88, 5.90 
1295, 47.00, 48.70, 10.00, 3.88, 5.90 
1296, 47.00, 48.20, 10.00, 3.88, 5.90 
1297, 48.00, 47.70, 15.00, 3.88, 5.90 
1298, 47.00, 47.20, 15.00, 3.88, 5.90 
1299, 48.00, 47.70, 15.00, 3.88, 5.90 
1300, 47.00, 48.20, 10.00, 3.88, 5.90 
1301, 47.00, 47.20, 15.00, 3.88, 5.90 
1302, 46.00, 47.70, 7.00, 3.88, 5.90 
1303, 48.00, 48.70, 15.00, 3.88, 5.90 
1304, 48.00, 47.70, 15.00, 3.88, 5.90 
1305, 47.00, 46.70, 15.00, 3.88, 5.90 
1306, 47.00, 48.20, 9.00, 3.88, 5.90 
1307, 47.00, 47.70, 15.00, 3.88, 5.90 
1308, 48.00, 48.20, 15.00, 3.88, 5.90 
1309, 48.00, 48.20, 15.00, 3.88, 5.90 
1310, 48.00, 48.70, 15.00, 3.88, 5.90 
1311, 46.00, 47.70, 15.00, 3.88, 5.90 
1312, 48.00, 47.20, 15.00, 3.88, 5.90 
1313, 47.00, 48.70, 15.00, 3.88, 5.90 
1314, 48.00, 48.20, 8.00, 3.88, 5.90 
1315, 48.00, 47.70, 15.00, 3.88, 5.90 
1316, 48.00, 49.10, 15.00, 3.88, 5.90 
1317, 47.00, 47.70, 15.00, 3.88, 5.90 
1318, 47.00, 47.70, 15.00, 3.88, 5.90 
1319, 48.00, 47.70, 9.00, 3.88, 5.90 
1320, 47.00, 47.20, 15.00, 3.88, 5.90 
1321, 48.00, 48.20, 15.00, 3.88, 5.90 
1322, 47.00, 47.70, 15.00, 3.88, 5.90 
1323, 47.00, 48.70, 7.00, 3.88, 5.90 
1324, 47.00, 47.70, 15.00, 3.88, 5.90 
1325, 47.00, 48.70, 15.00, 3.88, 5.90 
1326, 49.00, 47.20, 15.00, 3.88, 5.90 
1327, 48.00, 48.20, 15.00, 3.88, 5.90 
1328, 47.00, 48.20, 7.00, 3.88, 5.90 
1329, 47.00, 48.20, 7.00, 3.88, 5.90 
1330, 49.00, 49.10, 15.00, 3.88, 5.90 
1331, 47.00, 48.20, 15.00, 3.88, 5.90 
1332, 47.00, 47.70, 15.00, 3.88, 5.90 
1333, 48.00, 48.70, 15.00, 3.88, 5.90 
1334, 47.00, 48.70, 8.00, 3.88, 5.90 
1335, 47.00, 47.70, 15.00, 3.88, 5.90 
1336, 46.00, 48.20, 15.00, 3.88, 5.90 
1337, 47.00, 47.20, 15.00, 3.88, 5.90 
1338, 48.00, 48.20, 15.00, 3.88, 5.90 
1339, 48.00, 48.70, 7.00, 3.88, 5.90 
1340, 48.00, 48.70, 10.00, 3.88, 5.90 
1341, 49.00, 48.20, 15.00, 3.88, 5.90 
1342, 47.00, 48.20, 15.00, 3.88, 5.90 
1343, 47.00, 48.70, 8.00, 3.88, 5.90 
1344, 47.00, 47.70, 15.00, 3.88, 5.90 
1345, 47.00, 49.10, 15.00, 3.88, 5.90 
1346, 47.00, 48.20, 7.00, 3.88, 5.90 
1347, 48.00, 47.70, 15.00, 3.88, 5.90 
1348, 48.00, 48.20, 15.00, 3.88, 5.90 
1349, 47.00, 48.20, 15.00, 3.88, 5.90 
1350, 48.00, 48.20, 15.00, 3.88, 5.90 
1351, 48.00, 48.70, 15.00, 3.88, 5.90 
1352, 48.00, 48.70, 6.00, 3.88, 5.90 
1353, 48.00, 48.70, 15.00, 3.88, 5.90 
1354, 47.00, 48.20, 15.00, 3.88, 5.90 
1355, 47.00, 48.70, 15.00, 3.88, 5.90 
1356, 48.00, 48.70, 15.00, 3.88, 5.90 
1357, 48.00, 47.20, 15.00, 3.88, 5.90 
1358, 48.00, 48.70, 7.00, 3.88, 5.90 
1359, 47.00, 47.70, 15.00, 3.88, 5.90 
1360, 47.00, 48.20, 15.00, 3.88, 5.90 
1361, 47.00, 47.70, 10.00, 3.88, 5.90 
1362, 48.00, 48.20, 15.00, 3.88, 5.90 
1363, 48.00, 48.70, 15.00, 3.88, 5.90 
1364, 48.00, 48.20, 9.00, 3.88, 5.90 
1365, 48.00, 48.70, 9.00, 3.88, 5.90 
1366, 47.00, 49.60, 15.00, 3.88, 5.90 
1367, 47.00, 48.20, 15.00, 3.88, 5.90 
1368, 48.00, 49.10, 10.00, 3.88, 5.90 
1369, 47.00, 48.20, 7.00, 3.88, 5.90 
1370, 47.00, 47.70, 15.00, 3.88, 5.90 
1371, 48.00, 48.20, 15.00, 3.88, 5.90 
1372, 47.00, 47.70, 8.00, 3.88, 5.90 
1373, 48.00, 48.70, 15.00, 3.88, 5.90 
1374, 48.00, 48.20, 15.00, 3.88, 5.90 
1375, 48.00, 48.20, 10.00, 3.88, 5.90 
1376, 47.00, 48.20, 15.00, 3.89, 5.90 
1377, 48.00, 47.70, 7.00, 3.89, 5.90 
1378, 48.00, 48.20, 10.00, 3.89, 5.90 
1379, 48.00, 48.70, 15.00, 3.89, 5.90 
1380, 47.00, 47.70, 15.00, 3.89, 5.90 
1381, 48.00, 48.20, 15.00, 3.89, 5.90 
1382, 47.00, 47.70, 15.00, 3.89, 5.90 
1383, 48.00, 48.20, 7.00, 3.89, 5.90 
1384, 48.00, 48.20, 10.00, 3.89, 5.90 
1385, 48.00, 48.70, 15.00, 3.89, 5.90 
1386, 47.00, 48.70, 7.00, 3.89, 5.90 
1387, 47.00, 48.70, 15.00, 3.89, 5.90 
1388, 47.00, 48.20, 15.00, 3.89, 5.90 
1389, 48.00, 48.20, 15.00, 3.89, 5.90 
1390, 48.00, 48.20, 15.00, 3.89, 5.90 
1391, 48.00, 48.70, 15.00, 3.89, 5.90 
1392, 48.00, 48.20, 15.00, 3.89, 5.90 
1393, 48.00, 47.70, 15.00, 3.89, 5.90 
1394, 48.00, 48.20, 10.00, 3.89, 5.90 
1395, 48.00, 49.10, 15.00, 3.89, 5.90 
1396, 48.00, 48.70, 15.00, 3.89, 5.90 
1397, 47.00, 47.70, 7.00, 3.89, 5.90 
1398, 48.00, 48.70, 15.00, 3.89, 5.90 
1399, 47.00, 48.70, 15.00, 3.89, 5.90 
1400, 48.00, 48.20, 15.00, 3.89, 5.90 
1401, 47.00, 47.70, 15.00, 3.89, 5.90 
1402, 48.00, 49.10, 15.00, 3.89, 5.90 
1403, 47.00, 48.20, 15.00, 3.89, 5.90 
1404, 47.00, 48.70, 15.00, 3.89, 5.90 
1405, 48.00, 47.70, 15.00, 3.89, 5.90 
1406, 48.00, 48.20, 15.00, 3.89, 5.90 
1407, 48.00, 48.20, 15.00, 3.89, 5.90 
1408, 48.00, 49.10, 15.00, 3.89, 5.80 
1409, 47.00, 48.20, 15.00, 3.89, 5.90 
1410, 48.00, 48.20, 7.00, 3.89, 5.90 
1411, 47.00, 47.70, 15.00, 3.89, 5.90 
1412, 48.00, 48.20, 15.00, 3.89, 5.90 
1413, 48.00, 47.20, 7.00, 3.89, 5.90 
1414, 48.00, 47.70, 15.00, 3.89, 5.90 
1415, 47.00, 48.20, 9.00, 3.89, 5.80 
1416, 48.00, 48.20, 15.00, 3.89, 5.90 
1417, 48.00, 47.20, 7.00, 3.89, 5.90 
1418, 48.00, 47.70, 15.00, 3.89, 5.90 
1419, 48.00, 48.20, 15.00, 3.89, 5.90 
1420, 48.00, 48.20, 8.00, 3.89, 5.90 
1421, 47.00, 47.70, 15.00, 3.89, 5.90 
1422, 48.00, 48.70, 15.00, 3.89, 5.90 
1423, 48.00, 49.10, 15.00, 3.89, 5.90 
1424, 47.00, 49.10, 15.00, 3.89, 5.90 
1425, 48.00, 47.70, 15.00, 3.89, 5.90 
1426, 47.00, 48.20, 7.00, 3.89, 5.90 
1427, 48.00, 48.20, 15.00, 3.89, 5.90 
1428, 48.00, 48.70, 7.00, 3.89, 5.90 
1429, 47.00, 48.70, 15.00, 3.89, 5.90 
1430, 48.00, 47.20, 15.00, 3.89, 5.90 
1431, 48.00, 48.70, 15.00, 3.89, 5.90 
1432, 48.00, 47.70, 15.00, 3.89, 5.90 
1433, 48.00, 48.70, 15.00, 3.89, 5.90 
1434, 48.00, 48.20, 15.00, 3.89, 5.90 
1435, 48.00, 47.70, 15.00, 3.89, 5.90 
1436, 47.00, 48.70, 15.00, 3.89, 5.90 
1437, 48.00, 47.70, 15.00, 3.89, 5.90 
1438, 48.00, 49.10, 15.00, 3.89, 5.90 
1439, 48.00, 48.20, 15.00, 3.89, 5.90 
1440, 48.00, 48.20, 10.00, 3.89, 5.90 
1441, 48.00, 48.20, 15.00, 3.89, 5.90 
1442, 48.00, 48.20, 15.00, 3.89, 5.90 
1443, 48.00, 47.70, 8.00, 3.89, 5.90 
1444, 47.00, 48.70, 15.00, 3.89, 5.90 
1445, 48.00, 48.70, 7.00, 3.89, 5.90 
1446, 48.00, 47.70, 15.00, 3.89, 5.90 
1447, 47.00, 49.10, 15.00, 3.89, 5.90 
1448, 48.00, 47.70, 15.00, 3.89, 5.90 
1449, 47.00, 47.20, 15.00, 3.89, 5.90 
1450, 47.00, 47.70, 15.00, 3.89, 5.90 
1451, 47.00, 48.70, 15.00, 3.89, 5.90 
1452, 47.00, 47.70, 10.00, 3.89, 5.90 
1453, 47.00, 48.70, 15.00, 3.89, 5.90 
1454, 48.00, 47.70, 15.00, 3.89, 5.90 
1455, 49.00, 49.10, 15.00, 3.89, 5.90 
1456, 48.00, 48.70, 15.00, 3.89, 5.90 
1457, 48.00, 49.10, 15.00, 3.89, 5.90 
1458, 48.00, 48.20, 7.00, 3.89, 5.90 
1459, 47.00, 48.20, 15.00, 3.89, 5.90 
1460, 48.00, 48.20, 15.00, 3.89, 5.90 
1461, 48.00, 48.20, 8.00, 3.89, 5.90 
1462, 48.00, 47.70, 15.00, 3.89, 5.90 
1463, 48.00, 48.70, 10.00, 3.89, 5.90 
1464, 47.00, 48.20, 15.00, 3.89, 5.90 
1465, 46.00, 48.70, 15.00, 3.89, 5.90 
1466, 47.00, 48.20, 15.00, 3.89, 5.90 
1467, 48.00, 48.70, 8.00, 3.89, 5.90 
1468, 47.00, 49.60, 15.00, 3.89, 5.90 
1469, 48.00, 48.70, 15.00, 3.89, 5.90 
1470, 47.00, 47.70, 15.00, 3.89, 5.90 
1471, 47.00, 48.20, 15.00, 3.89, 5.90 
1472, 48.00, 49.10, 7.00, 3.89, 5.90 
1473, 48.00, 48.20, 15.00, 3.89, 5.90 
1474, 48.00, 49.10, 15.00, 3.89, 5.90 
1475, 47.00, 47.70, 15.00, 3.89, 5.90 
1476, 48.00, 47.70, 15.00, 3.89, 5.90 
1477, 49.00, 48.20, 6.00, 3.89, 5.90 
1478, 48.00, 48.20, 15.00, 3.89, 5.90 
1479, 48.00, 48.20, 15.00, 3.89, 5.90 
1480, 49.00, 48.20, 7.00, 3.89, 5.90 
1481, 48.00, 47.70, 15.00, 3.89, 5.90 
1482, 48.00, 48.20, 7.00, 3.89, 5.90 
1483, 47.00, 49.10, 15.00, 3.89, 5.90 
1484, 48.00, 48.20, 15.00, 3.89, 5.90 
1485, 49.00, 47.70, 15.00, 3.89, 5.90 
1486, 47.00, 48.70, 15.00, 3.89, 5.90 
1487, 48.00, 49.10, 15.00, 3.89, 5.90 
1488, 49.00, 49.10, 7.00, 3.89, 5.90 
1489, 47.00, 48.70, 9.00, 3.89, 5.90 
1490, 47.00, 49.10, 15.00, 3.89, 5.90 
1491, 47.00, 48.20, 15.00, 3.89, 5.90 
1492, 48.00, 47.70, 15.00, 3.89, 5.90 
1493, 47.00, 47.70, 7.00, 3.89, 5.90 
1494, 48.00, 48.20, 15.00, 3.89, 5.90 
1495, 48.00, 48.20, 15.00, 3.89, 5.90 
1496, 47.00, 48.20, 15.00, 3.89, 5.90 
1497, 47.00, 48.20, 7.00, 3.89, 5.90 
1498, 47.00, 47.70, 15.00, 3.89, 5.90 
1499, 48.00, 48.70, 7.00, 3.89, 5.90 
1500, 47.00, 48.20, 15.00, 3.89, 5.90 
1501, 47.00, 49.10, 15.00, 3.89, 5.90 
1502, 47.00, 47.70, 15.00, 3.89, 5.90 
1503, 48.00, 48.20, 6.00, 3.89, 5.90 
1504, 48.00, 49.10, 15.00, 3.89, 5.90 
1505, 48.00, 48.20, 15.00, 3.89, 5.90 
1506, 47.00, 47.70, 15.00, 3.89, 5.90 
1507, 48.00, 48.20, 15.00, 3.89, 5.90 
1508, 48.00, 47.70, 15.00, 3.89, 5.90 
1509, 48.00, 48.20, 15.00, 3.89, 5.90 
1510, 48.00, 48.70, 15.00, 3.89, 5.90 
1511, 49.00, 48.20, 15.00, 3.89, 5.90 
1512, 48.00, 48.20, 7.00, 3.89, 5.90 
1513, 48.00, 48.20, 15.00, 3.89, 5.90 
1514, 48.00, 47.70, 6.00, 3.89, 5.90 
1515, 48.00, 48.20, 15.00, 3.89, 5.80 
1516, 48.00, 47.70, 15.00, 3.89, 5.90 
1517, 48.00, 48.70, 7.00, 3.89, 5.90 
1518, 47.00, 48.20, 15.00, 3.89, 5.90 
1519, 47.00, 48.70, 15.00, 3.89, 5.90 
1520, 48.00, 48.20, 15.00, 3.89, 5.90 
1521, 48.00, 47.20, 7.00, 3.89, 5.90 
1522, 48.00, 48.70, 15.00, 3.89, 5.90 
1523, 47.00, 48.70, 15.00, 3.89, 5.90 
1524, 47.00, 48.70, 15.00, 3.89, 5.90 
1525, 47.00, 48.20, 15.00, 3.89, 5.90 
1526, 48.00, 48.70, 15.00, 3.89, 5.90 
1527, 49.00, 48.70, 7.00, 3.89, 5.90 
1528, 48.00, 48.20, 15.00, 3.89, 5.90 
1529, 47.00, 48.70, 15.00, 3.89, 5.90 
1530, 47.00, 48.20, 15.00, 3.89, 5.80 
1531, 48.00, 48.70, 15.00, 3.89, 5.90 
1532, 48.00, 47.70, 15.00, 3.89, 5.90 
1533, 48.00, 47.70, 15.00, 3.89, 5.90 
1534, 47.00, 48.20, 15.00, 3.89, 5.90 
1535, 48.00, 48.20, 15.00, 3.89, 5.90 
1536, 47.00, 49.10, 7.00, 3.89, 5.90 
1537, 48.00, 48.20, 15.00, 3.89, 5.90 
1538, 48.00, 48.20, 15.00, 3.89, 5.90 
1539, 48.00, 48.70, 15.00, 3.89, 5.90 
1540, 47.00, 47.70, 15.00, 3.89, 5.90 
1541, 48.00, 48.20, 15.00, 3.89, 5.90 
1542, 47.00, 47.70, 15.00, 3.89, 5.90 
1543, 47.00, 48.20, 7.00, 3.89, 5.90 
1544, 47.00, 49.10, 15.00, 3.89, 5.90 
1545, 48.00, 48.20, 15.00, 3.89, 5.90 
1546, 48.00, 48.70, 15.00, 3.89, 5.90 
1547, 48.00, 47.70, 15.00, 3.89, 5.90 
1548, 47.00, 48.20, 7.00, 3.89, 5.90 
1549, 47.00, 48.70, 15.00, 3.89, 5.90 
1550, 48.00, 48.70, 7.00, 3.89, 5.90 
1551, 49.00, 48.70, 15.00, 3.89, 5.90 
1552, 47.00, 48.20, 10.00, 3.89, 5.80 
1553, 47.00, 48.20, 10.00, 3.89, 5.90 
1554, 48.00, 47.20, 15.00, 3.89, 5.90 
1555, 47.00, 49.10, 15.00, 3.89, 5.90 
1556, 48.00, 48.20, 15.00, 3.89, 5.90 
1557, 47.00, 47.20, 15.00, 3.89, 5.90 
1558, 48.00, 47.70, 8.00, 3.89, 5.90 
1559, 47.00, 47.70, 15.00, 3.89, 5.90 
1560, 48.00, 48.20, 10.00, 3.89, 5.90 
1561, 48.00, 48.20, 15.00, 3.89, 5.90 
1562, 48.00, 48.20, 15.00, 3.89, 5.90 
1563, 48.00, 46.70, 15.00, 3.89, 5.90 
1564, 48.00, 48.20, 15.00, 3.89, 5.90 
1565, 48.00, 48.20, 15.00, 3.89, 5.90 
1566, 48.00, 48.20, 15.00, 3.89, 5.90 
1567, 49.00, 48.70, 15.00, 3.89, 5.90 
1568, 48.00, 49.10, 15.00, 3.89, 5.90 
1569, 48.00, 48.70, 15.00, 3.89, 5.90 
1570, 48.00, 48.20, 9.00, 3.89, 5.90 
1571, 48.00, 48.70, 15.00, 3.89, 5.90 
1572, 47.00, 47.70, 15.00, 3.89, 5.90 
1573, 48.00, 47.20, 15.00, 3.89, 5.90 
1574, 47.00, 47.20, 15.00, 3.89, 5.90 
1575, 48.00, 49.10, 15.00, 3.89, 5.90 
1576, 48.00, 48.20, 15.00, 3.89, 5.90 
1577, 48.00, 49.10, 9.00, 3.89, 5.90 
1578, 49.00, 48.20, 10.00, 3.89, 5.90 
1579, 48.00, 47.70, 15.00, 3.89, 5.90 
1580, 48.00, 48.70, 6.00, 3.89, 5.90 
1581, 48.00, 48.70, 15.00, 3.89, 5.90 
1582, 47.00, 48.20, 15.00, 3.89, 5.90 
1583, 47.00, 48.20, 15.00, 3.89, 5.90 
1584, 49.00, 47.70, 15.00, 3.89, 5.90 
1585, 49.00, 49.60, 15.00, 3.89, 5.90 
1586, 48.00, 48.70, 15.00, 3.89, 5.80 
1587, 47.00, 48.20, 15.00, 3.89, 5.90 
1588, 48.00, 48.20, 15.00, 3.89, 5.90 
1589, 47.00, 49.10, 7.00, 3.89, 5.90 
1590, 48.00, 49.60, 15.00, 3.89, 5.90 
1591, 48.00, 48.20, 7.00, 3.89, 5.90 
1592, 47.00, 47.20, 15.00, 3.89, 5.90 
1593, 48.00, 49.10, 15.00, 3.89, 5.90 
1594, 47.00, 48.20, 15.00, 3.89, 5.90 
1595, 47.00, 48.70, 15.00, 3.89, 5.90 
1596, 48.00, 48.70, 15.00, 3.89, 5.90 
1597, 48.00, 48.70, 15.00, 3.89, 5.90 
1598, 48.00, 48.20, 8.00, 3.89, 5.90 
1599, 49.00, 48.70, 15.00, 3.89, 5.90 
1600, 48.00, 49.10, 15.00, 3.89, 5.90 
1601, 47.00, 48.20, 10.00, 3.89, 5.80 
1602, 48.00, 48.70, 15.00, 3.89, 5.90 
1603, 48.00, 48.70, 15.00, 3.89, 5.90 
1604, 48.00, 49.10, 7.00, 3.89, 5.90 
1605, 47.00, 48.20, 15.00, 3.89, 5.90 
1606, 48.00, 48.20, 15.00, 3.89, 5.90 
1607, 48.00, 47.20, 15.00, 3.89, 5.90 
1608, 48.00, 48.70, 15.00, 3.89, 5.80 
1609, 47.00, 47.20, 7.00, 3.89, 5.90 
1610, 48.00, 47.70, 15.00, 3.89, 5.90 
1611, 48.00, 48.70, 15.00, 3.89, 5.90 
1612, 48.00, 48.20, 15.00, 3.89, 5.90 
1613, 48.00, 47.70, 7.00, 3.89, 5.90 
1614, 47.00, 48.70, 15.00, 3.89, 5.90 
1615, 47.00, 48.20, 15.00, 3.89, 5.90 
1616, 48.00, 47.70, 15.00, 3.89, 5.80 
1617, 49.00, 49.60, 15.00, 3.89, 5.90 
1618, 47.00, 47.70, 15.00, 3.89, 5.90 
1619, 49.00, 47.70, 15.00, 3.89, 5.90 
1620, 48.00, 48.20, 15.00, 3.89, 5.90 
1621, 48.00, 47.70, 15.00, 3.89, 5.90 
1622, 48.00, 48.20, 15.00, 3.89, 5.90 
1623, 47.00, 48.20, 15.00, 3.89, 5.90 
1624, 47.00, 49.10, 15.00, 3.89, 5.80 
1625, 47.00, 47.70, 15.00, 3.89, 5.90 
1626, 48.00, 48.70, 15.00, 3.89, 5.90 
1627, 47.00, 47.70, 15.00, 3.89, 5.90 
1628, 47.00, 47.70, 7.00, 3.89, 5.90 
1629, 47.00, 48.70, 15.00, 3.89, 5.90 
1630, 48.00, 48.20, 7.00, 3.89, 5.90 
1631, 47.00, 48.20, 15.00, 3.89, 5.90 
1632, 48.00, 49.10, 15.00, 3.89, 5.90 
1633, 47.00, 48.70, 15.00, 3.89, 5.90 
1634, 49.00, 49.60, 15.00, 3.89, 5.90 
1635, 48.00, 47.70, 7.00, 3.89, 5.90 
1636, 48.00, 49.10, 15.00, 3.89, 5.90 
1637, 47.00, 48.70, 15.00, 3.89, 5.90 
1638, 47.00, 48.20, 15.00, 3.89, 5.90 
1639, 48.00, 47.20, 15.00, 3.89, 5.80 
1640, 48.00, 48.70, 8.00, 3.89, 5.90 
1641, 48.00, 48.70, 15.00, 3.89, 5.90 
1642, 48.00, 48.70, 15.00, 3.89, 5.90 
1643, 48.00, 48.20, 7.00, 3.89, 5.90 
1644, 48.00, 47.70, 15.00, 3.89, 5.90 
1645, 48.00, 48.70, 15.00, 3.89, 5.90 
1646, 47.00, 48.20, 9.00, 3.89, 5.90 
1647, 48.00, 48.20, 15.00, 3.89, 5.90 
1648, 49.00, 49.10, 15.00, 3.89, 5.90 
1649, 48.00, 48.70, 15.00, 3.89, 5.90 
1650, 47.00, 48.20, 10.00, 3.89, 5.90 
1651, 47.00, 48.20, 15.00, 3.89, 5.90 
1652, 49.00, 49.60, 7.00, 3.89, 5.90 
1653, 48.00, 48.70, 15.00, 3.89, 5.90 
1654, 49.00, 48.20, 15.00, 3.89, 5.90 
1655, 47.00, 49.10, 15.00, 3.89, 5.90 
1656, 47.00, 48.20, 15.00, 3.89, 5.90 
1657, 48.00, 48.20, 15.00, 3.89, 5.90 
1658, 48.00, 47.70, 7.00, 3.89, 5.90 
1659, 47.00, 47.20, 15.00, 3.89, 5.90 
1660, 48.00, 48.70, 15.00, 3.89, 5.90 
1661, 48.00, 47.70, 8.00, 3.89, 5.90 
1662, 48.00, 48.20, 15.00, 3.89, 5.90 
1663, 47.00, 48.70, 15.00, 3.89, 5.90 
1664, 47.00, 48.70, 7.00, 3.89, 5.90 
1665, 47.00, 47.70, 15.00, 3.89, 5.90 
1666, 48.00, 48.20, 15.00, 3.89, 5.90 
1667, 48.00, 48.70, 15.00, 3.89, 5.90 
1668, 47.00, 48.70, 15.00, 3.89, 5.90 
1669, 48.00, 48.70, 15.00, 3.89, 5.90 
1670, 47.00, 48.70, 9.00, 3.89, 5.90 
1671, 47.00, 47.70, 15.00, 3.89, 5.90 
1672, 48.00, 47.20, 15.00, 3.89, 5.90 
1673, 48.00, 48.20, 15.00, 3.89, 5.90 
1674, 47.00, 47.70, 15.00, 3.89, 5.90 
1675, 47.00, 48.20, 7.00, 3.89, 5.90 
1676, 47.00, 48.20, 15.00, 3.89, 5.90 
1677, 48.00, 47.70, 15.00, 3.89, 5.90 
1678, 48.00, 49.10, 10.00, 3.89, 5.90 
1679, 48.00, 49.10, 15.00, 3.89, 5.90 
1680, 48.00, 48.70, 15.00, 3.89, 5.90 
1681, 48.00, 48.20, 7.00, 3.89, 5.90 
1682, 47.00, 48.20, 15.00, 3.89, 5.90 
1683, 48.00, 48.20, 10.00, 3.89, 5.90 
1684, 47.00, 48.20, 15.00, 3.89, 5.90 
1685, 47.00, 48.20, 15.00, 3.89, 5.90 
1686, 48.00, 48.70, 15.00, 3.89, 5.90 
1687, 49.00, 48.20, 7.00, 3.89, 5.90 
1688, 48.00, 48.70, 15.00, 3.89, 5.90 
1689, 47.00, 47.70, 15.00, 3.89, 5.90 
1690, 47.00, 48.70, 15.00, 3.89, 5.90 
1691, 48.00, 49.10, 15.00, 3.89, 5.80 
1692, 48.00, 48.20, 15.00, 3.89, 5.90 
1693, 48.00, 47.70, 15.00, 3.89, 5.90 
1694, 48.00, 47.20, 10.00, 3.89, 5.90 
1695, 49.00, 49.10, 15.00, 3.89, 5.90 
1696, 47.00, 48.20, 15.00, 3.89, 5.90 
1697, 48.00, 47.20, 9.00, 3.89, 5.90 
1698, 48.00, 48.20, 15.00, 3.89, 5.90 
1699, 48.00, 48.20, 15.00, 3.89, 5.90 
1700, 48.00, 47.70, 8.00, 3.89, 5.90 
1701, 48.00, 48.20, 8.00, 3.89, 5.90 
1702, 48.00, 47.70, 15.00, 3.89, 5.90 
1703, 47.00, 48.20, 15.00, 3.89, 5.90 
1704, 48.00, 48.70, 7.00, 3.89, 5.90 
1705, 47.00, 48.70, 15.00, 3.89, 5.90 
1706, 49.00, 48.70, 15.00, 3.89, 5.90 
1707, 48.00, 49.10, 15.00, 3.89, 5.90 
1708, 47.00, 47.20, 15.00, 3.89, 5.90 
1709, 48.00, 48.70, 7.00, 3.89, 5.90 
1710, 47.00, 49.10, 15.00, 3.89, 5.90 
1711, 48.00, 47.70, 7.00, 3.89, 5.90 
1712, 47.00, 47.70, 15.00, 3.89, 5.90 
1713, 47.00, 48.70, 15.00, 3.89, 5.90 
1714, 49.00, 49.10, 15.00, 3.89, 5.90 
1715, 47.00, 47.70, 15.00, 3.89, 5.90 
1716, 48.00, 48.20, 15.00, 3.89, 5.90 
1717, 47.00, 48.70, 15.00, 3.89, 5.90 
1718, 48.00, 46.70, 15.00, 3.89, 5.90 
1719, 47.00, 48.20, 15.00, 3.89, 5.90 
1720, 48.00, 48.70, 6.00, 3.89, 5.90 
1721, 49.00, 48.70, 15.00, 3.89, 5.90 
1722, 47.00, 46.70, 15.00, 3.89, 5.90 
1723, 48.00, 47.70, 15.00, 3.89, 5.90 
1724, 48.00, 48.70, 15.00, 3.89, 5.90 
1725, 47.00, 48.70, 15.00, 3.90, 5.90 
1726, 47.00, 47.20, 15.00, 3.90, 5.90 
1727, 48.00, 48.70, 15.00, 3.90, 5.90 
1728, 48.00, 48.70, 6.00, 3.90, 5.90 
1729, 48.00, 47.20, 15.00, 3.90, 5.90 
1730, 49.00, 49.60, 15.00, 3.90, 5.90 
1731, 48.00, 48.20, 7.00, 3.90, 5.90 
1732, 48.00, 48.20, 15.00, 3.90, 5.90 
1733, 47.00, 47.70, 15.00, 3.90, 5.90 
1734, 47.00, 48.20, 8.00, 3.90, 5.90 
1735, 48.00, 48.70, 7.00, 3.90, 5.90 
1736, 47.00, 47.70, 15.00, 3.90, 5.90 
1737, 47.00, 48.70, 15.00, 3.90, 5.90 
1738, 48.00, 47.70, 7.00, 3.90, 5.90 
1739, 48.00, 48.20, 15.00, 3.90, 5.90 
1740, 47.00, 48.70, 15.00, 3.90, 5.90 
1741, 50.00, 49.10, 8.00, 3.90, 5.90 
1742, 48.00, 48.70, 15.00, 3.90, 5.90 
1743, 49.00, 49.60, 15.00, 3.90, 5.90 
1744, 48.00, 49.60, 15.00, 3.90, 5.90 
1745, 49.00, 48.20, 15.00, 3.90, 5.90 
1746, 48.00, 49.10, 15.00, 3.90, 5.90 
1747, 48.00, 48.70, 15.00, 3.90, 5.90 
1748, 49.00, 48.70, 15.00, 3.90, 5.90 
1749, 47.00, 48.20, 10.00, 3.90, 5.90 
1750, 47.00, 49.10, 15.00, 3.90, 5.90 
1751, 48.00, 47.20, 6.00, 3.90, 5.90 
1752, 48.00, 48.20, 15.00, 3.90, 5.90 
1753, 49.00, 49.10, 15.00, 3.90, 5.90 
1754, 48.00, 48.20, 15.00, 3.90, 5.90 
1755, 49.00, 48.20, 15.00, 3.90, 5.90 
1756, 48.00, 47.70, 15.00, 3.90, 5.90 
1757, 48.00, 48.20, 7.00, 3.90, 5.90 
1758, 48.00, 49.10, 15.00, 3.90, 5.90 
1759, 48.00, 47.70, 15.00, 3.90, 5.90 
1760, 48.00, 47.70, 15.00, 3.90, 5.90 
1761, 47.00, 47.70, 15.00, 3.90, 5.90 
1762, 48.00, 48.20, 7.00, 3.90, 5.90 
1763, 48.00, 48.20, 15.00, 3.90, 5.90 
1764, 47.00, 47.20, 15.00, 3.90, 5.90 
1765, 48.00, 48.20, 8.00, 3.90, 5.90 
1766, 47.00, 46.70, 15.00, 3.90, 5.90 
1767, 48.00, 47.70, 15.00, 3.90, 5.80 
1768, 48.00, 48.20, 15.00, 3.90, 5.90 
1769, 48.00, 48.70, 15.00, 3.90, 5.90 
1770, 49.00, 49.60, 10.00, 3.90, 5.90 
1771, 47.00, 47.70, 7.00, 3.90, 5.90 
1772, 48.00, 48.20, 15.00, 3.90, 5.90 
1773, 48.00, 48.70, 7.00, 3.90, 5.90 
1774, 46.00, 48.70, 15.00, 3.90, 5.90 
1775, 47.00, 48.20, 15.00, 3.90, 5.90 
1776, 49.00, 48.20, 15.00, 3.90, 5.90 
1777, 47.00, 48.20, 7.00, 3.90, 5.90 
1778, 49.00, 48.20, 15.00, 3.90, 5.90 
1779, 48.00, 49.10, 8.00, 3.90, 5.90 
1780, 47.00, 48.70, 15.00, 3.90, 5.90 
1781, 48.00, 47.20, 7.00, 3.90, 5.90 
1782, 48.00, 49.10, 15.00, 3.90, 5.90 
1783, 48.00, 48.70, 15.00, 3.90, 5.90 
1784, 48.00, 48.20, 15.00, 3.90, 5.90 
1785, 48.00, 48.20, 15.00, 3.90, 5.90 
1786, 47.00, 48.20, 7.00, 3.90, 5.90 
1787, 48.00, 48.20, 15.00, 3.90, 5.90 
1788, 48.00, 48.20, 15.00, 3.90, 5.90 
1789, 47.00, 48.20, 7.00, 3.90, 5.90 
1790, 49.00, 47.70, 15.00, 3.90, 5.90 
1791, 48.00, 47.20, 15.00, 3.90, 5.90 
1792, 48.00, 48.20, 15.00, 3.90, 5.90 
1793, 48.00, 49.10, 7.00, 3.90, 5.90 
1794, 49.00, 47.70, 15.00, 3.90, 5.90 
1795, 48.00, 48.70, 15.00, 3.90, 5.90 
1796, 48.00, 48.70, 15.00, 3.90, 5.90 
1797, 48.00, 47.70, 15.00, 3.90, 5.90 
1798, 47.00, 49.10, 15.00, 3.90, 5.90 
1799, 47.00, 47.20, 15.00, 3.90, 5.90 
1800, 49.00, 48.20, 15.00, 3.90, 5.90 
1801, 49.00, 48.70, 7.00, 3.90, 5.90 
1802, 48.00, 49.10, 15.00, 3.90, 5.90 
1803, 47.00, 48.70, 15.00, 3.90, 5.90 
1804, 49.00, 48.70, 15.00, 3.90, 5.90 
1805, 48.00, 47.70, 15.00, 3.90, 5.90 
1806, 48.00, 48.70, 15.00, 3.90, 5.90 
1807, 48.00, 47.20, 15.00, 3.90, 5.90 
1808, 48.00, 48.20, 15.00, 3.90, 5.90 
1809, 49.00, 48.20, 15.00, 3.90, 5.90 
1810, 48.00, 48.70, 15.00, 3.90, 5.90 
1811, 48.00, 48.20, 15.00, 3.90, 5.90 
1812, 47.00, 49.10, 15.00, 3.90, 5.90 
1813, 47.00, 47.20, 15.00, 3.90, 5.90 
1814, 48.00, 48.70, 7.00, 3.90, 5.90 
1815, 48.00, 48.20, 15.00, 3.90, 5.90 
1816, 48.00, 48.20, 15.00, 3.90, 5.90 
1817, 48.00, 49.10, 7.00, 3.90, 5.90 
1818, 48.00, 48.20, 15.00, 3.90, 5.90 
1819, 48.00, 47.70, 7.00, 3.90, 5.90 
1820, 48.00, 48.70, 15.00, 3.90, 5.90 
1821, 48.00, 48.20, 15.00, 3.90, 5.90 
1822, 48.00, 48.70, 8.00, 3.90, 5.90 
1823, 47.00, 47.70, 7.00, 3.90, 5.90 
1824, 48.00, 47.70, 15.00, 3.90, 5.90 
1825, 47.00, 47.70, 15.00, 3.90, 5.90 
1826, 47.00, 48.20, 15.00, 3.90, 5.90 
1827, 48.00, 47.20, 15.00, 3.90, 5.90 
1828, 48.00, 48.20, 15.00, 3.90, 5.90 
1829, 48.00, 49.10, 7.00, 3.90, 5.90 
1830, 48.00, 47.70, 15.00, 3.90, 5.90 
1831, 48.00, 48.20, 15.00, 3.90, 5.90 
1832, 48.00, 47.20, 7.00, 3.90, 5.90 
1833, 48.00, 48.70, 7.00, 3.90, 5.90 
1834, 47.00, 48.20, 9.00, 3.90, 5.80 
1835, 48.00, 49.10, 15.00, 3.90, 5.90 
1836, 49.00, 48.70, 7.00, 3.90, 5.90 
1837, 47.00, 47.70, 15.00, 3.90, 5.90 
1838, 48.00, 48.70, 15.00, 3.90, 5.90 
1839, 48.00, 48.70, 15.00, 3.90, 5.90 
1840, 48.00, 48.70, 15.00, 3.90, 5.90 
1841, 48.00, 48.20, 7.00, 3.90, 5.90 
1842, 48.00, 47.70, 15.00, 3.90, 5.80 
1843, 47.00, 50.10, 15.00, 3.90, 5.90 
1844, 48.00, 47.70, 15.00, 3.90, 5.90 
1845, 48.00, 48.20, 15.00, 3.90, 5.90 
1846, 48.00, 48.70, 15.00, 3.90, 5.90 
1847, 48.00, 48.70, 15.00, 3.90, 5.90 
1848, 47.00, 49.60, 7.00, 3.90, 5.90 
1849, 47.00, 48.20, 15.00, 3.90, 5.90 
1850, 48.00, 47.70, 15.00, 3.90, 5.90 
1851, 48.00, 48.20, 15.00, 3.90, 5.90 
1852, 48.00, 48.70, 15.00, 3.90, 5.90 
1853, 48.00, 49.10, 15.00, 3.90, 5.90 
1854, 47.00, 49.10, 7.00, 3.90, 5.90 
1855, 48.00, 48.20, 15.00, 3.90, 5.90 
1856, 48.00, 47.70, 8.00, 3.90, 5.90 
1857, 48.00, 48.20, 15.00, 3.90, 5.90 
1858, 49.00, 48.20, 15.00, 3.90, 5.80 
1859, 47.00, 47.70, 15.00, 3.90, 5.90 
1860, 48.00, 48.20, 8.00, 3.90, 5.90 
1861, 48.00, 48.20, 15.00, 3.90, 5.90 
1862, 47.00, 48.70, 15.00, 3.90, 5.90 
1863, 48.00, 48.20, 15.00, 3.90, 5.90 
1864, 48.00, 49.10, 15.00, 3.90, 5.90 
1865, 48.00, 47.70, 15.00, 3.90, 5.90 
1866, 48.00, 48.70, 15.00, 3.90, 5.90 
1867, 47.00, 48.70, 15.00, 3.90, 5.90 
1868, 49.00, 47.70, 15.00, 3.90, 5.90 
1869, 48.00, 48.20, 15.00, 3.90, 5.90 
1870, 48.00, 48.20, 15.00, 3.90, 5.90 
1871, 48.00, 47.70, 7.00, 3.90, 5.90 
1872, 47.00, 48.70, 15.00, 3.90, 5.90 
1873, 48.00, 49.10, 9.00, 3.90, 5.90 
1874, 48.00, 49.10, 15.00, 3.90, 5.90 
1875, 48.00, 48.70, 15.00, 3.90, 5.90 
1876, 48.00, 49.10, 15.00, 3.90, 5.90 
1877, 47.00, 47.70, 15.00, 3.90, 5.90 
1878, 48.00, 47.70, 15.00, 3.90, 5.90 
1879, 49.00, 47.70, 9.00, 3.90, 5.90 
1880, 47.00, 47.20, 15.00, 3.90, 5.90 
1881, 49.00, 49.10, 9.00, 3.90, 5.90 
1882, 48.00, 49.10, 15.00, 3.90, 5.90 
1883, 47.00, 47.70, 15.00, 3.90, 5.90 
1884, 48.00, 48.70, 7.00, 3.90, 5.90 
1885, 47.00, 47.70, 15.00, 3.90, 5.90 
1886, 48.00, 48.70, 15.00, 3.90, 5.90 
1887, 48.00, 48.20, 15.00, 3.90, 5.90 
1888, 47.00, 47.70, 9.00, 3.90, 5.90 
1889, 48.00, 48.70, 15.00, 3.90, 5.90 
1890, 48.00, 49.10, 15.00, 3.90, 5.90 
1891, 48.00, 48.20, 7.00, 3.90, 5.90 
1892, 48.00, 47.20, 15.00, 3.90, 5.90 
1893, 48.00, 47.70, 15.00, 3.90, 5.90 
1894, 48.00, 48.70, 15.00, 3.90, 5.90 
1895, 48.00, 47.20, 15.00, 3.90, 5.90 
1896, 48.00, 48.20, 6.00, 3.90, 5.90 
1897, 48.00, 48.70, 15.00, 3.90, 5.90 
1898, 48.00, 48.70, 15.00, 3.90, 5.90 
1899, 49.00, 47.70, 9.00, 3.90, 5.90 
1900, 48.00, 48.70, 15.00, 3.90, 5.90 
1901, 47.00, 48.20, 7.00, 3.90, 5.90 
1902, 47.00, 48.70, 15.00, 3.90, 5.90 
1903, 48.00, 48.20, 15.00, 3.90, 5.90 
1904, 48.00, 47.70, 15.00, 3.90, 5.90 
1905, 48.00, 48.70, 15.00, 3.90, 5.90 
1906, 47.00, 49.60, 7.00, 3.90, 5.90 
1907, 48.00, 48.70, 15.00, 3.90, 5.90 
1908, 48.00, 48.20, 15.00, 3.90, 5.90 
1909, 48.00, 48.20, 9.00, 3.90, 5.90 
1910, 47.00, 47.70, 15.00, 3.90, 5.90 
1911, 48.00, 48.20, 7.00, 3.90, 5.90 
1912, 48.00, 49.60, 15.00, 3.90, 5.80 
1913, 47.00, 48.70, 15.00, 3.90, 5.90 
1914, 48.00, 48.20, 15.00, 3.90, 5.90 
1915, 47.00, 47.20, 15.00, 3.90, 5.90 
1916, 48.00, 48.20, 15.00, 3.90, 5.90 
1917, 48.00, 49.10, 6.00, 3.90, 5.90 
1918, 48.00, 48.20, 15.00, 3.90, 5.90 
1919, 48.00, 49.10, 7.00, 3.90, 5.90 
1920, 49.00, 48.20, 15.00, 3.90, 5.90 
1921, 48.00, 48.70, 15.00, 3.90, 5.90 
1922, 48.00, 48.20, 15.00, 3.90, 5.90 
1923, 49.00, 48.20, 15.00, 3.90, 5.90 
1924, 48.00, 48.70, 15.00, 3.90, 5.90 
1925, 47.00, 48.20, 7.00, 3.90, 5.90 
1926, 48.00, 48.20, 15.00, 3.90, 5.90 
1927, 49.00, 48.20, 7.00, 3.90, 5.90 
1928, 48.00, 48.20, 15.00, 3.90, 5.90 
1929, 47.00, 48.20, 7.00, 3.90, 5.90 
1930, 48.00, 48.70, 15.00, 3.90, 5.90 
1931, 48.00, 49.10, 15.00, 3.90, 5.90 
1932, 47.00, 49.60, 15.00, 3.90, 5.90 
1933, 48.00, 48.20, 15.00, 3.90, 5.90 
1934, 47.00, 49.60, 15.00, 3.90, 5.90 
1935, 48.00, 48.20, 15.00, 3.90, 5.90 
1936, 48.00, 49.10, 15.00, 3.90, 5.90 
1937, 47.00, 47.70, 7.00, 3.90, 5.90 
1938, 48.00, 48.70, 15.00, 3.90, 5.90 
1939, 47.00, 48.20, 15.00, 3.90, 5.90 
1940, 48.00, 48.20, 15.00, 3.90, 5.90 
1941, 48.00, 48.70, 15.00, 3.90, 5.90 
1942, 47.00, 47.70, 7.00, 3.90, 5.90 
1943, 48.00, 49.60, 15.00, 3.90, 5.90 
1944, 48.00, 48.70, 15.00, 3.90, 5.90 
1945, 48.00, 47.70, 6.00, 3.90, 5.90 
1946, 48.00, 47.70, 15.00, 3.90, 5.90 
1947, 47.00, 47.70, 15.00, 3.90, 5.90 
1948, 47.00, 48.20, 7.00, 3.90, 5.90 
1949, 47.00, 48.70, 15.00, 3.90, 5.90 
1950, 47.00, 48.70, 15.00, 3.90, 5.90 
1951, 48.00, 49.60, 10.00, 3.90, 5.90 
1952, 48.00, 48.20, 7.00, 3.90, 5.90 
1953, 47.00, 48.70, 15.00, 3.90, 5.90 
1954, 47.00, 48.70, 15.00, 3.90, 5.90 
1955, 49.00, 48.70, 7.00, 3.90, 5.90 
1956, 47.00, 48.70, 15.00, 3.90, 5.90 
1957, 48.00, 48.20, 15.00, 3.90, 5.90 
1958, 48.00, 48.20, 8.00, 3.90, 5.90 
1959, 49.00, 48.20, 15.00, 3.90, 5.90 
1960, 48.00, 48.20, 15.00, 3.90, 5.90 
1961, 46.00, 47.20, 8.00, 3.90, 5.90 
1962, 47.00, 48.20, 15.00, 3.90, 5.90 
1963, 48.00, 47.70, 15.00, 3.90, 5.90 
1964, 49.00, 49.60, 15.00, 3.90, 5.90 
1965, 48.00, 48.70, 15.00, 3.90, 5.90 
1966, 48.00, 49.10, 7.00, 3.90, 5.90 
1967, 48.00, 48.70, 15.00, 3.90, 5.90 
1968, 48.00, 48.20, 15.00, 3.90, 5.90 
1969, 48.00, 47.20, 15.00, 3.90, 5.90 
1970, 49.00, 48.20, 15.00, 3.90, 5.90 
1971, 47.00, 48.70, 8.00, 3.90, 5.90 
1972, 49.00, 48.70, 15.00, 3.90, 5.90 
1973, 48.00, 48.20, 7.00, 3.90, 5.90 
1974, 48.00, 48.70, 15.00, 3.90, 5.90 
1975, 47.00, 48.20, 15.00, 3.90, 5.90 
1976, 48.00, 48.70, 15.00, 3.90, 5.90 
1977, 48.00, 48.70, 15.00, 3.90, 5.90 
1978, 48.00, 48.70, 7.00, 3.90, 5.90 
1979, 48.00, 48.70, 15.00, 3.90, 5.80 
1980, 48.00, 49.10, 15.00, 3.90, 5.90 
1981, 48.00, 48.20, 15.00, 3.90, 5.90 
1982, 48.00, 48.70, 9.00, 3.90, 5.90 
1983, 49.00, 48.70, 15.00, 3.90, 5.90 
1984, 48.00, 48.20, 15.00, 3.90, 5.90 
1985, 48.00, 48.20, 6.00, 3.90, 5.90 
1986, 48.00, 48.70, 8.00, 3.90, 5.80 
1987, 48.00, 48.20, 15.00, 3.90, 5.90 
1988, 47.00, 47.20, 7.00, 3.90, 5.90 
1989, 48.00, 48.70, 15.00, 3.90, 5.90 
1990, 48.00, 48.70, 15.00, 3.90, 5.90 
1991, 48.00, 49.10, 9.00, 3.90, 5.90 
1992, 49.00, 49.60, 15.00, 3.90, 5.90 
1993, 47.00, 49.10, 15.00, 3.90, 5.90 
1994, 47.00, 49.60, 15.00, 3.90, 5.90 
1995, 48.00, 48.70, 10.00, 3.90, 5.90 
1996, 47.00, 47.70, 9.00, 3.90, 5.90 
1997, 49.00, 48.70, 7.00, 3.90, 5.90 
1998, 48.00, 48.70, 15.00, 3.90, 5.90 
1999, 47.00, 47.70, 15.00, 3.90, 5.90 
2000, 48.00, 48.20, 8.00, 3.90, 5.90 
2001, 49.00, 48.20, 15.00, 3.90, 5.90 
2002, 47.00, 49.10, 7.00, 3.90, 5.90 
2003, 48.00, 48.70, 6.00, 3.90, 5.90 
2004, 48.00, 49.10, 15.00, 3.90, 5.90 
2005, 48.00, 49.10, 15.00, 3.90, 5.90 
2006, 49.00, 47.70, 10.00, 3.90, 5.90 
2007, 48.00, 49.10, 15.00, 3.90, 5.90 
2008, 48.00, 48.70, 15.00, 3.90, 5.90 
2009, 48.00, 48.70, 15.00, 3.90, 5.90 
2010, 48.00, 48.20, 15.00, 3.90, 5.90 
2011, 48.00, 48.70, 15.00, 3.90, 5.90 
2012, 48.00, 48.70, 15.00, 3.90, 5.90 
2013, 48.00, 49.10, 10.00, 3.90, 5.90 
2014, 47.00, 47.20, 15.00, 3.90, 5.90 
2015, 47.00, 47.70, 15.00, 3.90, 5.90 
2016, 48.00, 48.20, 8.00, 3.90, 5.90 
2017, 47.00, 49.10, 15.00, 3.90, 5.90 
2018, 49.00, 48.70, 15.00, 3.90, 5.90 
2019, 47.00, 48.70, 15.00, 3.90, 5.90 
2020, 47.00, 48.20, 7.00, 3.90, 5.90 
2021, 48.00, 48.70, 15.00, 3.90, 5.90 
2022, 48.00, 48.20, 15.00, 3.90, 5.90 
2023, 48.00, 48.20, 15.00, 3.90, 5.90 
2024, 48.00, 48.20, 15.00, 3.90, 5.90 
2025, 48.00, 48.20, 15.00, 3.90, 5.90 
2026, 48.00, 49.60, 15.00, 3.90, 5.90 
2027, 48.00, 49.10, 15.00, 3.90, 5.90 
2028, 48.00, 48.20, 7.00, 3.90, 5.90 
2029, 49.00, 49.10, 15.00, 3.90, 5.90 
2030, 48.00, 48.70, 9.00, 3.90, 5.80 
2031, 48.00, 49.60, 15.00, 3.90, 5.90 
2032, 48.00, 49.10, 15.00, 3.90, 5.90 
2033, 47.00, 48.20, 15.00, 3.90, 5.90 
2034, 49.00, 48.20, 15.00, 3.90, 5.90 
2035, 47.00, 48.20, 8.00, 3.90, 5.90 
2036, 48.00, 48.70, 15.00, 3.90, 5.90 
2037, 47.00, 47.70, 15.00, 3.90, 5.90 
2038, 49.00, 49.10, 15.00, 3.90, 5.90 
2039, 48.00, 48.70, 15.00, 3.90, 5.90 
2040, 48.00, 49.10, 8.00, 3.90, 5.90 
2041, 48.00, 48.20, 15.00, 3.90, 5.90 
2042, 48.00, 47.70, 15.00, 3.90, 5.90 
2043, 48.00, 47.70, 8.00, 3.90, 5.90 
2044, 47.00, 47.20, 15.00, 3.90, 5.90 
2045, 48.00, 48.70, 15.00, 3.90, 5.90 
2046, 48.00, 49.10, 15.00, 3.90, 5.90 
2047, 49.00, 49.60, 15.00, 3.90, 5.90 
2048, 47.00, 48.20, 15.00, 3.90, 5.90 
2049, 48.00, 48.20, 15.00, 3.90, 5.90 
2050, 48.00, 48.20, 15.00, 3.90, 5.90 
2051, 48.00, 48.70, 7.00, 3.90, 5.90 
2052, 49.00, 48.20, 15.00, 3.90, 5.90 
2053, 48.00, 48.70, 8.00, 3.90, 5.80 
2054, 47.00, 48.70, 15.00, 3.90, 5.90 
2055, 48.00, 48.20, 15.00, 3.90, 5.90 
2056, 48.00, 48.70, 15.00, 3.90, 5.90 
2057, 47.00, 48.70, 10.00, 3.90, 5.90 
2058, 48.00, 48.70, 15.00, 3.90, 5.90 
2059, 48.00, 48.20, 15.00, 3.90, 5.90 
2060, 48.00, 48.70, 9.00, 3.90, 5.90 
2061, 49.00, 49.10, 15.00, 3.90, 5.90 
2062, 47.00, 48.20, 15.00, 3.90, 5.90 
2063, 48.00, 48.20, 15.00, 3.90, 5.90 
2064, 48.00, 49.60, 7.00, 3.90, 5.90 
2065, 47.00, 49.10, 15.00, 3.90, 5.90 
2066, 49.00, 49.10, 15.00, 3.90, 5.90 
2067, 48.00, 48.70, 15.00, 3.90, 5.90 
2068, 48.00, 48.70, 15.00, 3.90, 5.90 
2069, 48.00, 47.70, 15.00, 3.90, 5.90 
2070, 48.00, 48.20, 15.00, 3.90, 5.90 
2071, 48.00, 49.10, 7.00, 3.90, 5.90 
2072, 47.00, 47.70, 15.00, 3.90, 5.90 
2073, 48.00, 48.70, 15.00, 3.90, 5.90 
2074, 49.00, 47.70, 6.00, 3.90, 5.90 
2075, 48.00, 48.70, 15.00, 3.90, 5.90 
2076, 47.00, 48.70, 15.00, 3.90, 5.80 
2077, 48.00, 47.70, 15.00, 3.90, 5.90 
2078, 47.00, 48.20, 15.00, 3.90, 5.90 
2079, 47.00, 48.70, 15.00, 3.90, 5.90 
2080, 48.00, 48.20, 7.00, 3.90, 5.90 
2081, 47.00, 47.70, 15.00, 3.90, 5.90 
2082, 47.00, 49.10, 6.00, 3.90, 5.90 
2083, 47.00, 47.70, 15.00, 3.90, 5.90 
2084, 48.00, 48.70, 15.00, 3.90, 5.80 
2085, 48.00, 48.70, 15.00, 3.90, 5.90 
2086, 48.00, 48.70, 15.00, 3.90, 5.90 
2087, 48.00, 48.70, 15.00, 3.90, 5.90 
2088, 49.00, 48.70, 7.00, 3.90, 5.90 
2089, 48.00, 48.70, 15.00, 3.90, 5.90 
2090, 47.00, 49.10, 6.00, 3.91, 5.90 
2091, 48.00, 48.70, 15.00, 3.91, 5.90 
2092, 48.00, 49.60, 15.00, 3.91, 5.90 
2093, 49.00, 49.10, 15.00, 3.91, 5.90 
2094, 48.00, 48.70, 15.00, 3.91, 5.90 
2095, 48.00, 48.70, 15.00, 3.91, 5.90 
2096, 48.00, 49.10, 15.00, 3.91, 5.90 
2097, 49.00, 49.10, 10.00, 3.91, 5.90 
2098, 48.00, 48.20, 15.00, 3.91, 5.90 
2099, 47.00, 47.70, 15.00, 3.91, 5.80 
2100, 48.00, 49.60, 15.00, 3.91, 5.90 
2101, 48.00, 48.70, 10.00, 3.91, 5.90 
2102, 48.00, 48.20, 15.00, 3.91, 5.90 
2103, 48.00, 48.70, 10.00, 3.91, 5.90 
2104, 48.00, 49.10, 15.00, 3.91, 5.90 
2105, 48.00, 49.10, 7.00, 3.91, 5.90 
2106, 48.00, 47.70, 15.00, 3.91, 5.90 
2107, 48.00, 48.20, 15.00, 3.91, 5.90 
2108, 47.00, 49.10, 15.00, 3.91, 5.90 
2109, 47.00, 48.20, 15.00, 3.91, 5.90 
2110, 48.00, 48.70, 15.00, 3.91, 5.90 
2111, 48.00, 48.20, 15.00, 3.91, 5.90 
2112, 48.00, 48.20, 15.00, 3.91, 5.90 
2113, 49.00, 47.70, 15.00, 3.91, 5.90 
2114, 48.00, 48.20, 15.00, 3.91, 5.90 
2115, 48.00, 48.20, 15.00, 3.91, 5.90 
2116, 48.00, 47.70, 15.00, 3.91, 5.90 
2117, 48.00, 48.20, 15.00, 3.91, 5.90 
2118, 47.00, 49.10, 15.00, 3.91, 5.90 
2119, 48.00, 48.20, 15.00, 3.91, 5.90 
2120, 48.00, 48.70, 9.00, 3.91, 5.90 
2121, 48.00, 49.10, 15.00, 3.91, 5.80 
2122, 47.00, 49.10, 15.00, 3.91, 5.90 
2123, 47.00, 48.20, 10.00, 3.91, 5.90 
2124, 48.00, 48.70, 7.00, 3.91, 5.90 
2125, 47.00, 49.10, 15.00, 3.91, 5.90 
2126, 48.00, 48.20, 7.00, 3.91, 5.90 
2127, 48.00, 47.70, 15.00, 3.91, 5.90 
2128, 48.00, 47.70, 15.00, 3.91, 5.90 
2129, 48.00, 49.10, 15.00, 3.91, 5.90 
2130, 47.00, 47.70, 15.00, 3.91, 5.90 
2131, 48.00, 48.20, 15.00, 3.91, 5.90 
2132, 49.00, 49.60, 15.00, 3.91, 5.90 
2133, 49.00, 48.20, 15.00, 3.91, 5.90 
2134, 47.00, 48.20, 15.00, 3.91, 5.90 
2135, 48.00, 48.20, 7.00, 3.91, 5.90 
2136, 48.00, 48.70, 15.00, 3.91, 5.90 
2137, 47.00, 47.70, 15.00, 3.91, 5.90 
2138, 48.00, 47.70, 7.00, 3.91, 5.90 
2139, 48.00, 47.70, 15.00, 3.91, 5.90 
2140, 47.00, 47.70, 15.00, 3.91, 5.90 
2141, 49.00, 48.20, 15.00, 3.91, 5.90 
2142, 48.00, 49.10, 15.00, 3.91, 5.90 
2143, 48.00, 48.70, 8.00, 3.91, 5.90 
2144, 48.00, 48.20, 15.00, 3.91, 5.90 
2145, 48.00, 49.10, 15.00, 3.91, 5.90 
2146, 48.00, 48.20, 15.00, 3.91, 5.90 
2147, 48.00, 48.70, 15.00, 3.91, 5.90 
2148, 47.00, 48.20, 7.00, 3.91, 5.90 
2149, 48.00, 48.20, 10.00, 3.91, 5.90 
2150, 47.00, 47.70, 15.00, 3.91, 5.90 
2151, 47.00, 48.20, 15.00, 3.91, 5.90 
2152, 47.00, 47.70, 15.00, 3.91, 5.90 
2153, 48.00, 48.70, 15.00, 3.91, 5.90 
2154, 48.00, 47.70, 15.00, 3.91, 5.90 
2155, 48.00, 48.70, 15.00, 3.91, 5.90 
2156, 49.00, 48.70, 6.00, 3.91, 5.90 
2157, 47.00, 47.70, 15.00, 3.91, 5.90 
2158, 48.00, 48.20, 15.00, 3.91, 5.90 
2159, 48.00, 48.20, 15.00, 3.91, 5.90 
2160, 48.00, 48.20, 15.00, 3.91, 5.90 
2161, 48.00, 47.70, 15.00, 3.91, 5.90 
2162, 48.00, 48.20, 10.00, 3.91, 5.90 
2163, 48.00, 47.70, 7.00, 3.91, 5.90 
2164, 47.00, 48.70, 15.00, 3.91, 5.90 
2165, 48.00, 49.60, 15.00, 3.91, 5.90 
2166, 48.00, 47.20, 15.00, 3.91, 5.90 
2167, 47.00, 47.70, 15.00, 3.91, 5.90 
2168, 48.00, 47.70, 10.00, 3.91, 5.90 
2169, 48.00, 48.20, 7.00, 3.91, 5.90 
2170, 48.00, 48.20, 15.00, 3.91, 5.90 
2171, 48.00, 47.70, 15.00, 3.91, 5.90 
2172, 48.00, 48.20, 10.00, 3.91, 5.90 
2173, 49.00, 49.10, 15.00, 3.91, 5.80 
2174, 47.00, 49.10, 15.00, 3.91, 5.90 
2175, 47.00, 48.20, 7.00, 3.91, 5.90 
2176, 47.00, 48.20, 7.00, 3.91, 5.90 
2177, 48.00, 48.20, 15.00, 3.91, 5.90 
2178, 48.00, 48.20, 7.00, 3.91, 5.90 
2179, 47.00, 47.70, 15.00, 3.91, 5.90 
2180, 48.00, 49.60, 15.00, 3.91, 5.90 
2181, 49.00, 49.10, 15.00, 3.91, 5.90 
2182, 47.00, 48.70, 7.00, 3.91, 5.90 
2183, 47.00, 47.70, 15.00, 3.91, 5.90 
2184, 48.00, 47.70, 15.00, 3.91, 5.90 
2185, 47.00, 48.20, 7.00, 3.91, 5.90 
2186, 48.00, 49.60, 15.00, 3.91, 5.90 
2187, 47.00, 48.20, 15.00, 3.91, 5.90 
2188, 49.00, 47.70, 15.00, 3.91, 5.90 
2189, 48.00, 48.70, 9.00, 3.91, 5.90 
2190, 48.00, 48.70, 7.00, 3.91, 5.90 
2191, 48.00, 49.10, 15.00, 3.91, 5.90 
2192, 48.00, 49.10, 7.00, 3.91, 5.90 
2193, 48.00, 47.20, 6.00, 3.91, 5.90 
2194, 47.00, 48.20, 9.00, 3.91, 5.80 
2195, 48.00, 48.70, 15.00, 3.91, 5.90 
2196, 48.00, 48.70, 15.00, 3.91, 5.90 
2197, 48.00, 49.10, 15.00, 3.91, 5.90 
2198, 48.00, 48.20, 9.00, 3.91, 5.90 
2199, 48.00, 48.20, 10.00, 3.91, 5.90 
2200, 48.00, 47.70, 15.00, 3.91, 5.90 
2201, 47.00, 49.60, 8.00, 3.91, 5.90 
2202, 47.00, 48.20, 15.00, 3.91, 5.90 
2203, 48.00, 48.70, 15.00, 3.91, 5.90 
2204, 47.00, 48.20, 7.00, 3.91, 5.90 
2205, 48.00, 48.70, 15.00, 3.91, 5.90 
2206, 47.00, 48.70, 15.00, 3.91, 5.90 
2207, 47.00, 47.70, 15.00, 3.91, 5.90 
2208, 49.00, 49.10, 15.00, 3.91, 5.90 
2209, 47.00, 47.70, 7.00, 3.91, 5.90 
2210, 48.00, 48.70, 15.00, 3.91, 5.90 
2211, 48.00, 49.10, 15.00, 3.91, 5.90 
2212, 48.00, 48.20, 6.00, 3.91, 5.90 
2213, 48.00, 48.70, 15.00, 3.91, 5.90 
2214, 49.00, 49.10, 7.00, 3.91, 5.90 
2215, 48.00, 49.10, 15.00, 3.91, 5.90 
2216, 49.00, 49.10, 15.00, 3.91, 5.90 
2217, 48.00, 48.20, 15.00, 3.91, 5.90 
2218, 48.00, 49.10, 7.00, 3.91, 5.90 
2219, 48.00, 47.70, 15.00, 3.91, 5.90 
2220, 47.00, 47.70, 15.00, 3.91, 5.90 
2221, 48.00, 47.70, 15.00, 3.91, 5.90 
2222, 47.00, 47.70, 7.00, 3.91, 5.90 
2223, 48.00, 49.60, 15.00, 3.91, 5.90 
2224, 47.00, 47.70, 15.00, 3.91, 5.80 
2225, 48.00, 48.70, 15.00, 3.91, 5.90 
2226, 48.00, 47.70, 15.00, 3.91, 5.90 
2227, 48.00, 48.20, 7.00, 3.91, 5.90 
2228, 47.00, 47.70, 15.00, 3.91, 5.90 
2229, 48.00, 48.20, 6.00, 3.91, 5.90 
2230, 48.00, 48.20, 15.00, 3.91, 5.90 
2231, 48.00, 48.20, 15.00, 3.91, 5.90 
2232, 49.00, 48.20, 15.00, 3.91, 5.90 
2233, 48.00, 48.70, 7.00, 3.91, 5.90 
2234, 48.00, 49.10, 9.00, 3.91, 5.90 
2235, 48.00, 48.70, 15.00, 3.91, 5.90 
2236, 48.00, 48.70, 15.00, 3.91, 5.90 
2237, 48.00, 49.10, 15.00, 3.91, 5.90 
2238, 48.00, 48.70, 15.00, 3.91, 5.80 
2239, 48.00, 48.70, 8.00, 3.91, 5.90 
2240, 47.00, 47.70, 15.00, 3.91, 5.90 
2241, 48.00, 49.10, 15.00, 3.91, 5.90 
2242, 47.00, 47.70, 15.00, 3.91, 5.90 
2243, 48.00, 47.70, 7.00, 3.91, 5.90 
2244, 48.00, 48.70, 15.00, 3.91, 5.90 
2245, 47.00, 48.20, 15.00, 3.91, 5.90 
2246, 48.00, 50.10, 15.00, 3.91, 5.90 
2247, 47.00, 48.20, 15.00, 3.91, 5.90 
2248, 49.00, 49.10, 15.00, 3.91, 5.90 
2249, 48.00, 48.20, 15.00, 3.91, 5.90 
2250, 48.00, 48.20, 15.00, 3.91, 5.90 
2251, 48.00, 48.20, 7.00, 3.91, 5.90 
2252, 48.00, 48.20, 15.00, 3.91, 5.90 
2253, 48.00, 48.20, 6.00, 3.91, 5.90 
2254, 47.00, 47.70, 15.00, 3.91, 5.90 
2255, 48.00, 48.70, 15.00, 3.91, 5.90 
2256, 47.00, 48.20, 6.00, 3.91, 5.90 
2257, 47.00, 48.70, 15.00, 3.91, 5.90 
2258, 48.00, 48.20, 7.00, 3.91, 5.90 
2259, 48.00, 48.20, 15.00, 3.91, 5.90 
2260, 48.00, 48.20, 6.00, 3.91, 5.90 
2261, 47.00, 47.70, 15.00, 3.91, 5.80 
2262, 48.00, 48.20, 15.00, 3.91, 5.90 
2263, 48.00, 49.60, 15.00, 3.91, 5.90 
2264, 48.00, 47.70, 7.00, 3.91, 5.90 
2265, 48.00, 49.10, 15.00, 3.91, 5.90 
2266, 47.00, 48.70, 7.00, 3.91, 5.90 
2267, 48.00, 49.10, 15.00, 3.91, 5.90 
2268, 48.00, 48.20, 7.00, 3.91, 5.90 
2269, 48.00, 48.20, 15.00, 3.91, 5.90 
2270, 49.00, 49.10, 15.00, 3.91, 5.90 
2271, 48.00, 48.70, 7.00, 3.91, 5.90 
2272, 47.00, 47.20, 15.00, 3.91, 5.90 
2273, 48.00, 48.70, 15.00, 3.91, 5.90 
2274, 48.00, 48.70, 7.00, 3.91, 5.90 
2275, 48.00, 48.20, 7.00, 3.91, 5.90 
2276, 49.00, 49.10, 15.00, 3.91, 5.90 
2277, 48.00, 47.70, 15.00, 3.91, 5.90 
2278, 48.00, 49.10, 15.00, 3.91, 5.90 
2279, 48.00, 49.10, 15.00, 3.91, 5.90 
2280, 48.00, 48.70, 7.00, 3.91, 5.90 
2281, 48.00, 47.70, 15.00, 3.91, 5.90 
2282, 48.00, 48.20, 15.00, 3.91, 5.90 
2283, 48.00, 49.10, 9.00, 3.91, 5.90 
2284, 48.00, 48.20, 15.00, 3.91, 5.90 
2285, 49.00, 48.70, 15.00, 3.91, 5.90 
2286, 48.00, 48.70, 15.00, 3.91, 5.90 
2287, 47.00, 48.20, 15.00, 3.91, 5.90 
2288, 48.00, 48.20, 15.00, 3.91, 5.90 
2289, 48.00, 49.10, 8.00, 3.91, 5.90 
2290, 47.00, 48.20, 15.00, 3.91, 5.90 
2291, 48.00, 48.70, 15.00, 3.91, 5.90 
2292, 48.00, 47.70, 15.00, 3.91, 5.90 
2293, 48.00, 49.10, 15.00, 3.91, 5.90 
2294, 48.00, 48.70, 10.00, 3.91, 5.90 
2295, 49.00, 49.10, 15.00, 3.91, 5.90 
2296, 47.00, 48.20, 7.00, 3.91, 5.90 
2297, 48.00, 47.70, 15.00, 3.91, 5.90 
2298, 48.00, 48.70, 15.00, 3.91, 5.90 
2299, 49.00, 48.70, 15.00, 3.91, 5.90 
2300, 48.00, 48.20, 15.00, 3.91, 5.90 
2301, 48.00, 48.70, 8.00, 3.91, 5.90 
2302, 48.00, 48.70, 15.00, 3.91, 5.90 
2303, 48.00, 48.20, 15.00, 3.91, 5.90 
2304, 48.00, 48.70, 9.00, 3.91, 5.90 
2305, 48.00, 47.70, 15.00, 3.91, 5.90 
2306, 48.00, 48.70, 15.00, 3.91, 5.90 
2307, 49.00, 48.70, 15.00, 3.91, 5.90 
2308, 48.00, 48.70, 10.00, 3.91, 5.90 
2309, 48.00, 48.70, 15.00, 3.91, 5.90 
2310, 48.00, 48.20, 15.00, 3.91, 5.90 
2311, 48.00, 47.70, 8.00, 3.91, 5.90 
2312, 48.00, 48.20, 15.00, 3.91, 5.90 
2313, 48.00, 47.70, 7.00, 3.91, 5.90 
2314, 48.00, 48.70, 15.00, 3.91, 5.90 
2315, 47.00, 48.20, 15.00, 3.91, 5.90 
2316, 48.00, 48.20, 9.00, 3.91, 5.90 
2317, 48.00, 48.20, 15.00, 3.91, 5.90 
2318, 48.00, 48.20, 15.00, 3.91, 5.90 
2319, 48.00, 47.70, 15.00, 3.91, 5.90 
2320, 48.00, 48.20, 15.00, 3.91, 5.90 
2321, 48.00, 47.70, 7.00, 3.91, 5.90 
2322, 48.00, 48.20, 15.00, 3.91, 5.90 
2323, 48.00, 48.70, 15.00, 3.91, 5.90 
2324, 47.00, 48.70, 6.00, 3.91, 5.90 
2325, 47.00, 48.20, 8.00, 3.91, 5.90 
2326, 48.00, 49.60, 15.00, 3.91, 5.90 
2327, 48.00, 48.70, 7.00, 3.91, 5.90 
2328, 48.00, 48.20, 15.00, 3.91, 5.90 
2329, 47.00, 49.10, 15.00, 3.91, 5.80 
2330, 47.00, 48.20, 15.00, 3.91, 5.90 
2331, 48.00, 48.20, 15.00, 3.91, 5.90 
2332, 49.00, 49.60, 15.00, 3.91, 5.90 
2333, 48.00, 48.20, 10.00, 3.91, 5.90 
2334, 47.00, 48.20, 15.00, 3.91, 5.90 
2335, 49.00, 47.70, 7.00, 3.91, 5.90 
2336, 48.00, 48.20, 15.00, 3.91, 5.90 
2337, 49.00, 49.10, 15.00, 3.91, 5.80 
2338, 48.00, 48.20, 15.00, 3.91, 5.90 
2339, 49.00, 49.10, 15.00, 3.91, 5.90 
2340, 49.00, 48.20, 15.00, 3.91, 5.90 
2341, 48.00, 48.20, 15.00, 3.91, 5.90 
2342, 48.00, 49.10, 7.00, 3.91, 5.90 
2343, 48.00, 49.10, 15.00, 3.91, 5.90 
2344, 48.00, 49.10, 15.00, 3.91, 5.90 
2345, 48.00, 48.70, 15.00, 3.91, 5.90 
2346, 48.00, 48.20, 15.00, 3.91, 5.90 
2347, 49.00, 48.20, 7.00, 3.91, 5.90 
2348, 49.00, 49.10, 15.00, 3.91, 5.90 
2349, 47.00, 47.70, 15.00, 3.91, 5.90 
2350, 47.00, 48.20, 15.00, 3.91, 5.90 
2351, 48.00, 48.70, 15.00, 3.91, 5.90 
2352, 48.00, 48.70, 15.00, 3.91, 5.90 
2353, 49.00, 49.60, 15.00, 3.91, 5.90 
2354, 47.00, 48.20, 10.00, 3.91, 5.90 
2355, 49.00, 49.10, 15.00, 3.91, 5.90 
2356, 47.00, 48.20, 15.00, 3.91, 5.90 
2357, 48.00, 48.20, 15.00, 3.91, 5.90 
2358, 48.00, 48.20, 15.00, 3.91, 5.90 
2359, 48.00, 47.20, 6.00, 3.91, 5.90 
2360, 48.00, 48.20, 15.00, 3.91, 5.90 
2361, 46.00, 49.10, 15.00, 3.91, 5.90 
2362, 48.00, 48.70, 15.00, 3.91, 5.90 
2363, 48.00, 49.10, 15.00, 3.91, 5.90 
2364, 47.00, 48.70, 15.00, 3.91, 5.90 
2365, 48.00, 48.70, 9.00, 3.91, 5.90 
2366, 48.00, 48.20, 15.00, 3.91, 5.90 
2367, 47.00, 48.20, 15.00, 3.91, 5.90 
2368, 49.00, 48.70, 15.00, 3.91, 5.90 
2369, 48.00, 48.20, 15.00, 3.91, 5.90 
2370, 49.00, 48.20, 15.00, 3.91, 5.90 
2371, 47.00, 48.70, 15.00, 3.91, 5.90 
2372, 48.00, 48.70, 15.00, 3.91, 5.90 
2373, 48.00, 49.10, 6.00, 3.91, 5.90 
2374, 48.00, 48.70, 15.00, 3.91, 5.90 
2375, 48.00, 48.70, 15.00, 3.91, 5.90 
2376, 48.00, 48.70, 15.00, 3.91, 5.90 
2377, 49.00, 49.60, 15.00, 3.91, 5.90 
2378, 48.00, 48.20, 15.00, 3.91, 5.90 
2379, 47.00, 48.70, 9.00, 3.91, 5.90 
2380, 48.00, 47.70, 8.00, 3.91, 5.90 
2381, 48.00, 48.70, 15.00, 3.91, 5.90 
2382, 48.00, 48.70, 15.00, 3.91, 5.90 
2383, 49.00, 48.20, 15.00, 3.91, 5.90 
2384, 48.00, 48.20, 15.00, 3.91, 5.90 
2385, 48.00, 48.70, 15.00, 3.91, 5.90 
2386, 48.00, 48.20, 7.00, 3.91, 5.90 
2387, 48.00, 49.10, 15.00, 3.91, 5.90 
2388, 49.00, 49.10, 15.00, 3.91, 5.90 
2389, 48.00, 48.70, 15.00, 3.91, 5.90 
2390, 49.00, 48.20, 10.00, 3.91, 5.90 
2391, 49.00, 49.10, 15.00, 3.91, 5.90 
2392, 47.00, 48.20, 15.00, 3.91, 5.90 
2393, 49.00, 49.10, 15.00, 3.91, 5.90 
2394, 48.00, 48.70, 15.00, 3.91, 5.90 
2395, 48.00, 47.70, 15.00, 3.91, 5.90 
2396, 48.00, 48.20, 10.00, 3.91, 5.90 
2397, 48.00, 48.70, 15.00, 3.91, 5.90 
2398, 48.00, 48.70, 15.00, 3.91, 5.90 
2399, 48.00, 49.10, 15.00, 3.91, 5.90 
2400, 49.00, 49.10, 15.00, 3.91, 5.90 
2401, 49.00, 48.70, 15.00, 3.91, 5.90 
2402, 48.00, 47.20, 6.00, 3.91, 5.90 
2403, 48.00, 48.20, 15.00, 3.91, 5.90 
2404, 49.00, 47.70, 6.00, 3.91, 5.90 
2405, 48.00, 49.60, 15.00, 3.91, 5.80 
2406, 47.00, 48.20, 15.00, 3.91, 5.90 
2407, 48.00, 48.70, 15.00, 3.91, 5.90 
2408, 48.00, 48.70, 15.00, 3.91, 5.90 
2409, 49.00, 49.10, 10.00, 3.91, 5.90 
2410, 49.00, 49.10, 15.00, 3.91, 5.90 
2411, 48.00, 49.10, 15.00, 3.91, 5.90 
2412, 48.00, 48.20, 15.00, 3.91, 5.90 
2413, 48.00, 49.10, 7.00, 3.91, 5.90 
2414, 48.00, 48.20, 15.00, 3.91, 5.90 
2415, 48.00, 49.10, 8.00, 3.91, 5.90 
2416, 48.00, 49.10, 15.00, 3.91, 5.90 
2417, 47.00, 48.70, 15.00, 3.91, 5.90 
2418, 48.00, 47.70, 8.00, 3.91, 5.90 
2419, 48.00, 48.70, 15.00, 3.91, 5.90 
2420, 48.00, 48.70, 15.00, 3.91, 5.90 
2421, 47.00, 48.70, 7.00, 3.91, 5.90 
2422, 48.00, 48.20, 15.00, 3.91, 5.90 
2423, 49.00, 48.70, 15.00, 3.91, 5.90 
2424, 47.00, 48.20, 7.00, 3.91, 5.90 
2425, 47.00, 48.70, 15.00, 3.91, 5.90 
2426, 47.00, 47.70, 15.00, 3.91, 5.90 
2427, 47.00, 48.70, 15.00, 3.91, 5.90 
2428, 48.00, 49.60, 15.00, 3.91, 5.90 
2429, 48.00, 48.70, 15.00, 3.91, 5.90 
2430, 48.00, 48.70, 15.00, 3.91, 5.90 
2431, 48.00, 49.10, 15.00, 3.91, 5.90 
2432, 48.00, 48.20, 9.00, 3.91, 5.90 
2433, 49.00, 48.70, 15.00, 3.91, 5.90 
2434, 48.00, 48.20, 15.00, 3.91, 5.90 
2435, 48.00, 49.10, 15.00, 3.91, 5.90 
2436, 48.00, 48.20, 15.00, 3.91, 5.90 
2437, 48.00, 48.20, 15.00, 3.91, 5.90 
2438, 48.00, 48.20, 7.00, 3.91, 5.90 
2439, 48.00, 49.60, 15.00, 3.91, 5.90 
2440, 48.00, 48.20, 7.00, 3.91, 5.90 
2441, 48.00, 48.70, 15.00, 3.91, 5.90 
2442, 48.00, 49.60, 15.00, 3.91, 5.90 
2443, 48.00, 49.10, 15.00, 3.91, 5.90 
2444, 48.00, 48.20, 15.00, 3.91, 5.90 
2445, 48.00, 48.70, 15.00, 3.91, 5.90 
2446, 47.00, 47.70, 15.00, 3.91, 5.90 
2447, 48.00, 48.20, 7.00, 3.91, 5.90 
2448, 48.00, 48.20, 15.00, 3.91, 5.90 
2449, 48.00, 48.20, 15.00, 3.91, 5.90 
2450, 48.00, 49.60, 15.00, 3.91, 5.90 
2451, 48.00, 48.70, 15.00, 3.91, 5.90 
2452, 48.00, 49.10, 15.00, 3.92, 5.90 
2453, 49.00, 48.70, 15.00, 3.92, 5.90 
2454, 48.00, 48.70, 15.00, 3.92, 5.90 
2455, 49.00, 48.70, 15.00, 3.92, 5.90 
2456, 47.00, 47.20, 15.00, 3.92, 5.90 
2457, 48.00, 48.70, 6.00, 3.92, 5.90 
2458, 48.00, 49.10, 15.00, 3.92, 5.90 
2459, 48.00, 48.70, 7.00, 3.92, 5.90 
2460, 48.00, 48.70, 15.00, 3.92, 5.90 
2461, 47.00, 48.70, 15.00, 3.92, 5.90 
2462, 49.00, 48.70, 9.00, 3.92, 5.90 
2463, 48.00, 48.20, 15.00, 3.92, 5.90 
2464, 47.00, 48.20, 10.00, 3.92, 5.90 
2465, 48.00, 48.70, 15.00, 3.92, 5.80 
2466, 48.00, 48.70, 15.00, 3.92, 5.90 
2467, 48.00, 48.20, 10.00, 3.92, 5.90 
2468, 48.00, 48.20, 15.00, 3.92, 5.90 
2469, 48.00, 48.70, 6.00, 3.92, 5.90 
2470, 48.00, 49.10, 15.00, 3.92, 5.90 
2471, 48.00, 50.10, 6.00, 3.92, 5.90 
2472, 47.00, 47.70, 15.00, 3.92, 5.90 
2473, 48.00, 48.20, 15.00, 3.92, 5.90 
2474, 48.00, 49.10, 15.00, 3.92, 5.90 
2475, 48.00, 47.70, 15.00, 3.92, 5.90 
2476, 49.00, 48.70, 15.00, 3.92, 5.90 
2477, 48.00, 48.20, 8.00, 3.92, 5.90 
2478, 48.00, 47.70, 9.00, 3.92, 5.90 
2479, 47.00, 48.70, 15.00, 3.92, 5.90 
2480, 48.00, 48.70, 15.00, 3.92, 5.90 
2481, 48.00, 48.20, 8.00, 3.92, 5.90 
2482, 48.00, 48.70, 15.00, 3.92, 5.90 
2483, 48.00, 48.70, 15.00, 3.92, 5.90 
2484, 48.00, 48.20, 7.00, 3.92, 5.90 
2485, 47.00, 48.70, 15.00, 3.92, 5.90 
2486, 48.00, 49.10, 15.00, 3.92, 5.90 
2487, 48.00, 47.70, 15.00, 3.92, 5.90 
2488, 47.00, 48.20, 15.00, 3.92, 5.90 
2489, 48.00, 48.20, 6.00, 3.92, 5.90 
2490, 49.00, 48.20, 6.00, 3.92, 5.90 
2491, 48.00, 47.70, 15.00, 3.92, 5.90 
2492, 49.00, 49.60, 10.00, 3.92, 5.90 
2493, 47.00, 47.70, 15.00, 3.92, 5.90 
2494, 47.00, 48.70, 7.00, 3.92, 5.90 
2495, 47.00, 48.70, 15.00, 3.92, 5.90 
2496, 48.00, 48.20, 7.00, 3.92, 5.90 
2497, 48.00, 48.70, 15.00, 3.92, 5.90 
2498, 48.00, 48.70, 15.00, 3.92, 5.90 
2499, 49.00, 47.70, 15.00, 3.92, 5.90 
2500, 48.00, 48.20, 15.00, 3.92, 5.90 
2501, 48.00, 48.20, 15.00, 3.92, 5.90 
2502, 48.00, 47.70, 15.00, 3.92, 5.80 
2503, 49.00, 49.10, 15.00, 3.92, 5.90 
2504, 47.00, 47.70, 15.00, 3.92, 5.90 
2505, 48.00, 49.10, 9.00, 3.92, 5.90 
2506, 49.00, 48.70, 15.00, 3.92, 5.80 
2507, 48.00, 48.70, 15.00, 3.92, 5.90 
2508, 48.00, 48.20, 8.00, 3.92, 5.90 
2509, 48.00, 48.70, 15.00, 3.92, 5.90 
2510, 48.00, 49.10, 15.00, 3.92, 5.80 
2511, 48.00, 49.10, 15.00, 3.92, 5.90 
2512, 48.00, 49.10, 15.00, 3.92, 5.90 
2513, 48.00, 48.70, 15.00, 3.92, 5.80 
2514, 48.00, 49.10, 15.00, 3.92, 5.80 
2515, 48.00, 50.10, 15.00, 3.92, 5.80 
2516, 48.00, 47.70, 8.00, 3.92, 5.80 
2517, 49.00, 48.20, 7.00, 3.92, 5.80 
